µdao-map/ost004d.map
4274 937
3111 3309
3366 4402
4151 4286
3615 497
1799 3218
1884 3157
1527 1388
285 4237
508 2629
3745 3878
1924 4188
2549 4364
3771 826
3059 4389
dao-map/den400d.map
11209 21613
27580 14862
12914 7592
5156 29735
1370 22393
3585 29718
911 7032
8181 15458
27313 28466
27791 10066
6182 24354
9351 12632
6581 1234
81 930
5331 6190
dao-map/lak401d.map
41379 14941
35617 16146
22682 32730
41958 12445
41717 42764
28997 7692
22157 19171
14857 7849
28353 1195
36637 7788
19293 4458
9509 41480
3192 19872
2643 15807
42184 26367
dao-map/lak303d.map
1091 7304
4242 13137
5729 2935
14273 3351
12659 4326
1688 1306
8862 12747
13368 8545
10983 5108
6845 14071
11066 12402
1406 10717
11106 7331
2270 11288
11957 9913
dao-map/orz203d.map
195 129
57 175
150 133
140 171
73 22
111 229
139 132
167 205
20 201
64 237
5 236
35 145
188 23
54 119
47 161
dao-map/brc204d.map
12636 3327
17224 21465
20300 13192
6200 10464
4676 6731
15178 21525
12298 17422
20967 20704
17411 13014
2283 5935
15046 12672
4870 6155
22173 2185
17006 10502
2380 17551
dao-map/orz704d.map
307 2060
720 248
418 1052
29 1897
574 1705
516 1991
904 1566
989 689
1372 19
1952 356
166 914
643 1113
1286 487
1663 390
1726 845
dao-map/den600d.map
782 13077
10103 1681
7902 4764
3583 9633
10193 6614
12866 5579
5681 13232
563 1373
2374 12681
7223 4109
7489 12911
8063 3122
2118 6598
10956 9020
2367 2377
dao-map/den204d.map
2238 695
641 286
2703 581
1388 2825
1859 1517
2131 889
1355 614
711 822
1220 1990
2460 1225
838 2804
815 1896
1523 764
2404 162
1007 1206
dao-map/lak105d.map
173 107
50 20
31 203
424 118
353 313
438 67
237 87
377 278
146 121
82 15
32 307
151 337
364 231
267 250
330 166
dao-map/lak108d.map
161 161
218 123
134 69
125 139
193 103
39 229
40 176
274 95
272 44
11 146
51 150
47 94
235 115
78 130
204 284
dao-map/den505d.map
7014 15491
3575 12459
3588 4584
29030 30062
10239 23539
9559 24763
27864 2263
22161 19440
25049 2517
16513 6440
4975 22231
3379 25748
20914 10458
15747 1022
1179 7251
dao-map/den020d.map
2057 1070
1747 1406
2585 1444
883 1419
2 799
2337 521
307 228
1682 840
1368 627
915 1837
2194 812
2677 1658
1510 327
1427 2301
1967 2441
dao-map/orz105d.map
316 269
142 526
350 30
300 256
396 387
491 110
112 341
535 221
558 440
309 162
282 559
626 121
531 157
426 4
404 53
dao-map/orz100d.map
14952 96549
32009 41072
58138 64779
92901 79571
98178 91767
38190 90898
67285 32481
25888 30178
79868 70584
99264 81181
63214 37073
80082 29993
54494 31490
28392 95074
83728 58397
dao-map/den501d.map
24949 23257
21366 18143
26047 9136
2364 10626
4838 5921
18174 18836
8710 13665
23613 19045
35 20344
1690 16990
13347 19942
25662 19822
605 26085
9726 5778
24428 875
dao-map/den403d.map
1987 908
813 792
1704 642
1768 66
1248 194
1809 703
278 1797
812 167
1528 1319
1840 1869
1804 1948
466 1580
1745 1800
42 1219
1940 298
dao-map/lak106d.map
383 434
1050 889
850 1579
1879 715
317 190
310 1263
798 819
1896 966
1656 1515
1043 1197
1466 1288
573 781
1288 1157
53 1233
438 1144
dao-map/orz201d.map
110 410
279 645
316 107
334 737
84 471
115 8
278 561
201 504
3 610
723 516
258 647
652 664
654 349
361 44
212 262
dao-map/brc997d.map
4473 588
2156 19815
12310 3215
21744 3287
10813 19654
3377 2771
14527 11559
2312 2115
14927 158
4740 10286
14498 14166
9840 15009
10365 20290
20623 13866
15326 15215
dao-map/rmtst01.map
5117 1422
2496 1142
2269 3659
2593 2213
481 3467
1279 2512
142 3272
979 2931
2642 2549
1465 2553
491 834
3846 4182
5597 923
566 4918
878 4495
dao-map/ost001d.map
8867 2924
8029 10204
4048 8305
4638 6945
8559 8745
932 2580
2976 4892
252 1432
10543 9812
4187 3224
7009 5437
10508 1152
8290 10063
10552 8287
6916 418
dao-map/rmtst03.map
610 2180
2845 2915
1706 2017
4028 2861
1668 4842
4623 1945
2360 2591
5525 5413
1189 1835
1751 2193
1210 3141
2729 3097
3451 2469
4824 4456
3060 1081
dao-map/lak400d.map
7434 37176
1704 8914
32004 11067
24710 36564
19532 3969
33975 13465
10313 5421
21106 25860
9954 9849
19440 27305
26064 8538
9177 32483
30587 32802
40217 22752
27326 7389
dao-map/brc202d.map
35527 29802
8257 10486
28164 9589
25585 18086
21657 3768
42844 29691
37388 31320
9262 28593
37832 4189
32411 13281
22236 10006
41628 39763
13537 14546
29921 22665
4349 32251
dao-map/orz106d.map
298 299
130 332
97 0
274 79
69 218
289 4
223 179
218 187
272 1
304 77
86 303
134 65
49 312
63 190
277 155
dao-map/lak104d.map
143 254
622 626
672 793
482 161
171 423
762 485
737 747
77 621
665 62
262 390
568 642
723 418
517 576
92 44
365 111
dao-map/ost100d.map
97205 112834
44356 76086
105581 35762
25346 56615
47308 80844
64655 7162
117955 71197
114933 33855
106060 38735
61447 58013
92909 103588
42750 115738
86526 63294
75612 13040
2333 87896
dao-map/brc203d.map
1105 1587
20038 9353
10256 10614
9115 1045
17974 10164
16646 8925
3943 12010
19935 12457
7887 18050
20472 510
19683 12705
19006 13938
3820 1900
3384 10465
15430 11110
dao-map/den012d.map
2234 8965
1417 11274
22469 18641
22527 7058
21113 16705
16070 21756
19335 2981
645 20808
15325 9604
12217 20981
19650 21820
2117 8629
7586 22193
12100 15481
13981 13573
dao-map/ost101d.map
1585 2106
84 232
1624 2020
2764 1434
2045 1670
173 1965
2534 1474
1656 924
2338 778
1784 1823
744 2328
1407 146
2279 97
23 2070
1451 3306
dao-map/lak503d.map
7476 3085
14633 2274
6338 14823
4596 4444
4869 16825
2029 15173
5644 15902
6486 3770
8597 13215
3063 14783
7794 16280
8837 17652
10227 1553
1923 15667
6834 974
dao-map/orz900d.map
7103 49841
51698 80878
34275 79223
90431 10426
22542 19849
44905 94967
82757 70375
48586 48008
55813 25007
80906 21229
88513 54789
63360 87799
56907 53317
61882 63289
22473 51492
dao-map/den602d.map
14254 26873
22794 23709
12965 9906
33069 4660
22264 33736
1576 21693
16686 28020
2153 32274
15376 14905
23803 6416
22934 15585
6393 29391
4889 8450
8535 31823
25352 19764
dao-map/lak102d.map
202 298
355 349
242 135
198 254
502 510
184 446
229 250
355 353
416 410
467 330
445 470
249 434
507 80
135 516
149 256
dao-map/den998d.map
185 764
289 608
1110 1154
1639 1025
1003 111
311 216
151 164
589 471
80 1726
485 1111
804 189
1468 1461
1230 1505
1301 733
885 99
dao-map/den200d.map
4081 5771
15650 891
4418 14200
1461 103
12830 14772
5718 3318
14440 14313
15484 5606
13645 3909
4505 5672
9328 2384
1298 6525
4617 5069
13990 14143
1942 9534
dao-map/combat2.map
26236 4948
31806 13798
4517 14954
5213 21071
24185 10269
25664 17623
19396 4357
5056 32043
10800 11893
27404 29694
24306 17066
25044 24475
13764 23736
9902 11662
14933 1918
dao-map/lak250d.map
2684 2274
356 306
4605 4205
270 40
3460 2787
4991 3250
3366 3234
5977 3476
2457 506
1859 1534
3850 3375
482 53
6606 6813
4115 4517
1274 1619
dao-map/lak505d.map
188 9769
2746 9387
16294 19935
6324 15065
20008 11981
17735 15550
4639 7149
17675 16099
6448 4173
13378 18734
6130 12263
3894 17352
16678 10408
2926 11144
16418 6093
dao-map/den500d.map
27699 29362
4489 21118
27172 7850
24481 28161
80 20686
25553 12948
25625 27635
17611 16398
28122 11639
27181 11223
544 12436
22096 16322
4009 1150
26778 10636
18352 14365
dao-map/isound1.map
2290 2960
1409 15
2456 884
1350 1406
1045 1632
203 1768
2944 228
2912 2413
1886 2423
1853 2156
332 2189
2073 1307
304 2523
2058 1397
2009 185
dao-map/lak513d.map
9222 15660
36222 33441
410 910
19726 20501
35433 37660
27852 40754
27512 39844
40870 35852
33385 39988
17613 18480
7592 7582
13899 12055
9506 21306
22393 16819
14867 18764
dao-map/den001d.map
4154 8140
6840 640
176 6585
1631 7641
3230 5754
1256 1610
403 6004
1195 5966
1865 2860
8328 2525
487 7938
2176 2072
3521 7060
271 1492
436 584
dao-map/lak511d.map
18763 28511
7841 8360
12940 14875
21990 17574
27461 18587
7059 11813
13131 27564
23249 23958
12853 16350
6489 2585
26466 18423
11189 10969
16664 20807
8510 10186
5763 1798
dao-map/den901d.map
2677 4798
5081 7016
781 4411
3101 497
8113 5658
2040 4735
7133 1925
5252 2084
2301 3778
3565 3792
131 5863
636 8051
3739 4070
2512 812
713 7181
dao-map/orz703d.map
46339 37100
47638 21507
17569 68903
23336 37319
53507 59717
1795 16056
66682 57324
63864 73844
5820 38188
45887 29533
23408 43106
26085 49517
8961 34128
34402 46622
73289 55872
dao-map/orz601d.map
1445 1566
153 534
1690 1775
758 1171
260 1830
1822 440
278 198
470 1197
645 381
1113 1452
102 1033
858 873
1514 422
1657 1307
1225 1710
dao-map/lgt600d.map
9126 15407
15809 8890
17723 6665
8181 7274
12170 3366
16077 651
6552 6537
13334 15225
11625 3506
18246 7365
7948 3055
15348 9011
9208 3737
9169 1612
15807 4771
dao-map/arena.map
318 1922
160 1534
286 734
1100 883
2038 880
984 257
491 1182
223 1461
1933 466
896 148
492 1066
840 1542
1012 1590
1375 389
1402 275
dao-map/lak100n.map
4821 12723
21118 30122
25362 28134
11379 31424
2879 34273
11585 17383
1664 12028
24594 10031
15023 260
32721 2257
11062 7823
27970 27063
19934 9175
32998 2836
23222 6605
dao-map/den101d.map
955 1320
1347 309
2 854
445 302
1325 286
9 401
689 1100
785 658
114 1315
873 1011
1244 572
198 964
1005 164
432 29
1048 911
dao-map/orz304d.map
3641 5147
1968 3142
1446 4189
582 4710
5057 3777
1714 544
3924 2053
1099 1798
137 3486
4026 3233
4597 4456
1465 2555
4757 782
4181 1171
5037 2594
dao-map/lgt601d.map
14827 18327
11176 4971
5635 19140
5065 20738
26401 20401
24781 16582
7192 22573
26240 7717
26755 8901
9796 27242
22084 26661
23152 2604
19578 23526
4305 5796
19131 16326
dao-map/oth000d.map
9023 3696
1233 6907
11223 16837
15109 10621
6707 13246
9744 626
7874 6449
9132 5708
11067 13217
8078 4317
12781 5712
12874 5633
16041 543
7151 2533
13810 15713
dao-map/brc000d.map
10752 25312
20148 15730
3297 4099
5005 6115
20395 9584
23960 12286
11369 17968
7562 7075
16750 7733
20563 28838
638 6419
19738 5124
26417 4250
23107 402
13654 12576
dao-map/lak203d.map
1427 2158
2773 3293
2815 2526
1259 2221
2895 3137
156 969
2522 1970
65 424
1617 2397
2219 2699
1858 1870
3141 2902
976 965
2134 2671
2027 1931
dao-map/lak507d.map
1693 1475
476 692
264 3929
1098 3468
154 4246
1568 2233
1722 1924
4180 3614
2157 253
4136 4086
1750 2156
2272 2988
4266 3967
620 687
1275 4246
dao-map/oth001d.map
4385 7235
5485 7032
3531 7057
3424 5595
3587 7002
9790 12967
3597 6613
8329 8770
13210 11768
2084 3075
457 1840
8949 11768
6751 6583
13509 13577
11558 11477
dao-map/brc999d.map
11845 10904
9130 8082
8641 6610
4117 3217
2494 8387
11144 10973
3787 4621
11480 4784
12589 8349
5055 1846
6828 5171
2816 4077
6334 381
9198 8004
5454 27
dao-map/den009d.map
318 586
747 241
898 746
607 999
237 905
777 129
449 567
996 39
96 613
382 703
240 586
330 693
490 690
805 339
255 689
dao-map/lak103d.map
766 570
542 768
309 34
427 656
646 517
182 553
35 504
767 688
562 601
822 574
298 35
56 722
392 21
558 328
427 246
dao-map/hrt002d.map
141 468
57 596
234 558
134 721
199 651
167 705
33 426
238 471
678 137
522 85
209 505
167 75
137 39
117 613
370 12
dao-map/den201d.map
291 113
513 435
436 89
87 435
389 383
199 327
94 428
371 506
138 408
120 510
271 462
358 456
309 452
18 206
458 526
dao-map/oth999d.map
1125 13
652 1093
1461 618
308 1202
222 267
193 848
900 1204
583 957
321 427
367 419
973 176
492 1517
306 1308
1424 498
153 80
dao-map/lak404d.map
354 9427
11109 9696
12000 13753
1051 4386
5910 12017
4514 975
2020 14045
3425 5974
13903 3775
10749 2812
3550 1207
4040 8227
2168 4090
1993 362
11567 5003
dao-map/orz200d.map
3319 3180
2482 3656
645 4707
3514 939
1786 4821
3696 1277
2699 2248
2948 3267
697 3491
3132 4545
4908 4477
3779 2563
1512 983
4583 3636
2037 3049
dao-map/brc502d.map
4309 901
2598 1905
2376 2282
1131 2349
2464 1965
1109 4265
3686 4242
4964 1238
4101 1170
3757 1588
1451 5501
3756 1575
5320 5078
132 1387
934 505
dao-map/orz107d.map
581 564
303 143
610 538
474 144
275 442
76 528
491 289
288 131
462 464
265 445
349 355
568 138
415 302
171 22
634 4
dao-map/orz303d.map
540 4739
16775 5066
9284 18679
18023 15800
6240 5743
599 12141
4877 11810
10616 18087
9631 7359
14444 20692
19642 16540
14836 21622
14894 13588
4491 11851
17676 16650
dao-map/lak514d.map
17693 21058
3196 4146
2841 993
16244 17649
12967 14805
8670 7766
8809 15051
18931 16279
4669 6530
14105 9691
7271 4569
14077 14430
237 1126
9828 9402
3736 3687
dao-map/ost000a.map
19486 39913
70989 383
121248 98004
115951 78326
108209 52398
42913 60268
121078 29158
101503 12887
112650 87868
21372 48361
46775 126948
69025 125493
129723 94390
18788 26459
117173 108790
dao-map/den005d.map
172 3814
37 1911
14567 12909
6874 1999
13443 6014
7989 7076
8949 11222
10212 7223
10423 13284
10243 10231
5118 7057
7323 11077
11654 15046
12164 121
4044 1118
dao-map/den203d.map
2576 381
960 1621
1401 837
1622 220
2201 2219
378 1291
2305 1081
872 725
1362 1467
1573 228
863 268
1761 1237
36 25
1870 1544
55 469
dao-map/brc300d.map
3876 3044
557 4695
3768 3068
3120 2969
972 3967
4723 914
2426 4377
4052 260
5160 3345
4034 1713
1162 1553
3630 2319
1179 4461
548 4244
2456 3461
dao-map/lak515d.map
1012 867
915 276
1646 777
494 15
1109 343
1401 1121
1645 683
87 1828
1581 764
1552 1570
766 1561
223 1617
145 349
448 703
1588 1016
dao-map/lak519d.map
4679 601
14620 1216
13252 5471
11606 12603
6136 12068
14237 14542
381 10582
11978 5599
7680 13109
13042 15346
591 15225
2936 7823
9708 3713
363 8814
15333 1759
dao-map/hrt201n.map
10040 12346
2548 18558
15033 20370
1410 10824
9426 5572
15893 17261
16583 20615
5014 5550
8491 7920
1624 21323
4351 14442
3019 23051
16473 14449
7612 12020
19516 497
dao-map/brc505d.map
15198 15241
25032 18334
4371 27640
38902 28475
32897 36317
4449 14136
37390 2590
8874 6660
21806 6283
26432 37486
23759 5483
31577 8712
21361 21141
27613 10600
31071 5550
dao-map/ost002d.map
1258 3809
6915 5888
5964 5769
4426 4676
1401 6062
7278 3330
675 260
3223 1715
10206 2498
1025 3322
6935 355
2422 2861
2717 10528
7827 1604
2248 2000
dao-map/den202d.map
396 347
71 68
476 519
199 49
57 568
176 527
59 347
260 568
472 414
458 123
513 306
548 389
398 16
575 179
554 373
dao-map/lak200d.map
6546 3011
4646 3405
5245 2737
603 3518
2331 6115
1954 2054
5234 5479
6224 2432
6924 1786
5083 3076
7865 5591
5024 6085
3023 424
5397 491
5970 1762
dao-map/lak304d.map
13515 13382
8860 8717
2998 15467
2100 5391
11967 4879
6435 5249
4818 13372
1456 13514
6488 5185
13505 11843
8205 17946
10187 12818
12200 17471
6772 8228
9809 9855
dao-map/den520d.map
20030 9979
25869 9331
5104 25954
13444 3112
8631 22469
2185 22706
4727 20130
12106 4872
25849 25255
710 7463
1143 22503
8407 9917
4008 15733
10761 25146
19611 22354
dao-map/lak403d.map
847 2955
6569 12452
23084 13301
6850 7568
15562 19373
7896 12094
8589 3481
924 23649
16606 9111
15669 19843
13561 10014
20422 11342
6010 2206
23994 18506
2685 13843
dao-map/lak504d.map
81 3639
4771 7636
7608 11437
9600 16478
3823 8551
12472 1716
15707 14685
11856 2059
6056 9012
17394 5238
15611 9283
16343 9872
9360 3388
9263 8098
14372 16824
dao-map/den601d.map
7176 9216
3560 4489
7153 34
7444 8301
4222 599
3066 8496
2503 13262
5404 10378
4994 11602
9822 13104
7941 10748
12339 6909
6001 16733
11965 13874
9560 7199
dao-map/lgt602d.map
4157 12495
12549 4464
31070 21998
16947 1879
4337 31311
12424 1445
18270 29466
20364 18768
19230 22780
17533 17705
17509 23977
19360 201
19687 6276
6818 2708
26954 1164
dao-map/rmtst.map
4835 5114
3473 1087
548 3440
370 1098
1 3376
3959 1274
4516 2215
5238 2624
2316 4386
2182 2818
3776 2339
2521 1373
1087 4901
4230 4199
2198 2325
dao-map/hrt000d.map
37106 78420
32244 95282
24693 52994
66552 9641
30968 40314
64826 98591
17503 103750
47840 5927
14962 68635
12200 24758
53094 75931
12680 53352
9411 79402
56540 63036
552 5996
dao-map/orz103d.map
32611 37636
12588 29807
16339 24027
37210 5421
25638 28426
5583 15117
20358 13200
39491 27827
9059 12116
32531 5359
39770 19938
7959 12674
1575 22523
11357 3106
36146 37886
dao-map/den408d.map
307 463
290 223
224 303
346 480
194 385
509 347
202 206
437 169
474 339
183 182
444 441
178 419
19 496
132 339
382 502
dao-map/den510d.map
51414 4119
45833 4145
20592 43394
4582 24183
28441 29322
5871 54607
14010 8389
48642 46553
14606 32181
9682 20154
17876 14838
16071 7686
2484 36650
15591 31970
14248 55163
dao-map/lak308d.map
8698 131
433 339
5540 1646
7297 3780
11491 586
1558 6098
8572 11131
2767 7720
5879 486
7097 7599
11539 8511
9462 2897
4928 6799
11645 9410
7266 3345
dao-map/brc504d.map
17161 16908
45334 32854
22832 26201
13000 27253
44385 21810
23993 35158
20603 37853
24649 44528
18268 3589
32077 29778
40358 557
38772 8827
44592 28663
13920 17330
2681 20985
dao-map/hrt001d.map
2354 2117
235 846
472 868
1917 3194
2766 2584
1719 161
989 1139
2639 618
833 238
1147 211
514 1606
3144 3657
2088 2033
2043 609
931 1677
dao-map/brc100d.map
23311 25685
19450 4909
18886 25301
29240 25901
8203 17319
9812 724
16151 8689
13385 4803
17081 1989
30924 16255
8571 27167
8425 28412
1338 21675
2195 28165
5392 15899
dao-map/brc101d.map
25514 15462
254 14594
5023 21646
17557 26277
369 16220
12799 14694
21320 21677
3142 9859
7751 4581
17755 10477
9393 3363
20256 15866
29470 12636
16841 18593
6339 12615
dao-map/hrt201d.map
6434 19005
17294 10748
21690 6607
12532 5918
5638 2831
19256 13387
6100 12381
16056 698
12714 20681
22862 23124
3431 21669
22451 4924
3204 21280
3667 9754
1545 21690
dao-map/orz702d.map
39518 18217
3964 68197
43525 8054
6575 44895
51585 41601
46629 62479
7926 2011
43008 53389
58932 26378
40652 50621
16418 69779
60694 12577
42216 22245
10467 70756
33329 7625
dao-map/orz000d.map
3639 408
812 2021
1120 3613
1496 1992
2861 540
459 3043
265 1673
639 1245
876 3964
2023 2922
114 981
3069 3985
3097 611
444 3246
2112 1970
dao-map/lak109d.map
202 122
116 196
223 53
81 269
124 67
54 184
210 297
110 130
262 159
7 201
274 189
2 49
19 6
109 30
201 133
dao-map/lak307d.map
2896 3521
105 3364
3400 931
3249 3862
3779 681
3989 4458
1819 4488
1841 4531
4538 3374
4476 4536
1982 1508
2539 3230
1624 769
3651 946
2446 2575
dao-map/brc201d.map
23489 6419
1557 24058
12500 12580
4483 1116
11326 13280
3160 24621
15546 10873
17599 16867
4534 22672
17607 12800
20491 16280
3322 19853
18077 18185
11180 1614
4708 4294
dao-map/lgt300d.map
21713 19811
3916 9485
12498 9658
8217 36703
13961 22947
13903 348
2516 36855
6220 35244
21460 23918
31290 29680
22360 32170
24069 7526
30406 36400
19080 4004
15151 6109
dao-map/brc503d.map
34927 48691
62990 24953
23872 27208
61847 64603
30415 50081
49676 15797
26622 43772
61745 37465
64882 51260
1402 55102
49318 18952
51753 58459
56764 53496
5665 6363
17552 57086
dao-map/brc501d.map
31252 47618
19109 54302
32442 26495
19070 37924
29085 40444
13352 47306
6493 13633
27293 45506
38805 22611
27375 3832
31407 44071
37407 10571
795 18578
50326 4293
43033 45393
dao-map/arena2.map
13928 18200
1670 13145
1077 1866
23170 22222
2497 16123
3469 2589
19666 9695
24051 19061
10317 10788
20430 3129
12120 8132
11825 17002
21449 1584
1547 7199
18743 13298
dao-map/den900d.map
4711 671
688 995
1511 3371
958 3523
300 662
645 488
1463 3878
1035 4193
1337 3919
4122 383
2871 3163
2471 152
2002 4876
598 898
3745 3199
dao-map/lgt605d.map
372 349
1640 1988
1615 2938
863 754
2970 1230
1375 664
1086 1111
2504 144
2629 2497
371 16
2877 689
2723 312
1590 1668
2108 1276
1515 2896
dao-map/orz301d.map
1700 62
2423 89
4394 2044
1171 292
4181 2578
3661 1764
3424 1635
1099 3970
2353 4172
68 1646
478 2964
1455 2716
3911 4227
1503 3628
187 2699
dao-map/lak512d.map
23701 27516
22789 29362
20674 6049
6302 16595
8259 506
204 26767
26159 1522
6164 14413
4993 23996
27552 7453
2026 8837
5582 2100
17753 8867
25653 26505
15897 6488
dao-map/lgt101d.map
210 183
109 50
188 467
259 21
372 57
338 70
154 137
418 263
425 155
237 277
165 460
306 321
460 71
180 225
396 416
dao-map/ost102d.map
13 239
70 122
73 76
78 18
69 33
98 44
235 208
215 93
194 181
192 142
201 184
192 144
178 106
221 144
16 106
dao-map/lak526d.map
96 574
766 62
796 531
497 274
336 222
372 60
602 536
847 249
260 787
336 89
665 98
810 41
497 513
950 118
76 898
dao-map/den011d.map
8078 13402
3156 3285
338 8574
9977 6443
2112 12974
5539 10717
5444 12519
4110 13609
2069 918
10804 9563
10246 6524
12629 9345
12887 12696
1140 11146
7503 6259
dao-map/den502d.map
7851 11123
26458 5322
22054 932
4274 8953
4869 928
21052 15577
339 3267
2055 2238
6354 27012
16455 660
17785 13319
22587 16405
11270 14621
6057 16137
2299 20078
dao-map/orz302d.map
1693 4297
2550 2549
1577 3844
4156 1976
4595 1326
3789 3124
4157 1636
2766 4699
2601 3898
3053 3264
663 4508
1777 4105
3946 4010
930 1494
1462 3885
dao-map/lak405d.map
3879 45763
19712 9702
1313 26877
31760 16228
42484 9754
20104 36633
28836 4883
5615 16208
13677 8074
15527 1072
40631 44734
1281 35780
26612 27127
38023 20599
17043 22661
dao-map/lak110d.map
81 130
69 105
151 136
58 162
20 97
93 128
154 9
36 158
82 27
54 103
5 96
26 43
17 151
98 97
71 129
dao-map/lak107d.map
308 10
30 163
36 182
374 20
280 258
22 288
29 300
89 169
268 391
267 100
171 101
165 108
125 294
222 156
203 25
dao-map/lak202d.map
3555 1235
5627 4069
1818 5288
280 339
4319 3074
1554 6177
5521 220
944 3002
4799 3205
945 5066
5365 4673
6046 4421
3573 5402
5861 407
6084 5781
dao-map/lak101d.map
19 46
122 294
176 194
139 37
120 91
121 295
133 158
167 68
96 282
125 233
169 197
95 108
25 118
9 268
266 14
dao-map/lgt604d.map
3229 7289
4306 1679
1397 1250
9281 10585
10773 7317
1833 2916
7649 9453
4935 7575
2224 10730
3684 10364
8250 9785
8733 10426
6868 838
2950 2920
9177 5330
dao-map/den200n.map
6570 7071
531 5929
3382 3255
14093 4772
2235 12954
7943 15647
9759 5505
11769 10231
14768 6016
9174 4834
14827 11345
10997 11113
2076 1172
4498 12708
15509 734
dao-map/lak302d.map
13078 4733
3341 11928
6836 3629
10278 1550
14678 6293
13714 3103
13323 11712
2195 6576
8748 6906
5273 6942
4808 9779
9302 5154
12252 13657
10394 5567
4889 13130
dao-map/den404d.map
206 318
208 77
258 39
42 34
83 210
80 144
321 290
353 240
8 136
253 56
70 322
16 152
210 259
42 55
236 227
dao-map/orz701d.map
30733 28434
31181 1020
2750 39664
1012 11453
17833 13503
11697 13224
40076 18326
10052 1462
7619 16735
40088 31592
22528 32732
4482 8963
32477 23773
35885 27865
10894 38238
dao-map/lak300d.map
3312 2500
10628 11747
9396 2970
1535 7591
5128 7258
9816 10290
11900 10752
10654 8729
9420 10649
9703 10552
6528 10471
3275 6564
10887 1425
2163 9519
3823 11482
dao-map/den000d.map
14950 33368
14867 15695
50982 55904
56576 21669
52229 26757
55752 53719
33924 10486
8250 26952
4675 21703
41063 25513
46777 28123
14514 12874
26914 12696
17231 54732
17867 57085
dao-map/orz800d.map
20641 28884
23434 14493
16519 37032
29776 26713
40079 13902
12358 18493
20660 19700
58601 39769
10505 46138
27817 34453
13074 31552
11909 45283
49842 50387
12342 222
4336 14952
dao-map/ost000t.map
31900 60173
39128 37583
45514 99458
23122 44096
1421 45054
93406 90212
74392 58358
66940 25223
30717 42388
32610 52202
72384 34045
94873 22552
5834 16858
18232 105664
60302 32666
dao-map/den405d.map
838 272
708 213
921 464
793 554
699 191
673 79
363 257
611 408
802 476
614 5
829 902
27 778
43 80
290 309
723 608
dao-map/orz300d.map
71367 45918
17320 41325
514 79455
82281 41138
10558 25535
7737 6951
50250 58689
50663 29068
47209 43217
77421 55480
60734 10853
31511 28577
31326 16857
78179 80779
57855 81386
dao-map/orz101d.map
1704 490
1540 152
1401 738
1104 461
187 1022
1527 1139
467 334
234 1108
1168 1180
287 1259
989 646
52 1437
1322 1731
1355 1107
294 895
dao-map/ost003d.map
7090 8927
2753 871
12383 1094
7051 4176
12504 5776
10957 13072
1506 6321
4222 3908
7773 8346
12468 12070
10827 1776
3462 7010
8464 10443
7135 12861
12223 6388
dao-map/den504d.map
1212 773
9010 11978
5570 9582
8765 7847
4411 780
1375 11482
2132 7124
11491 1920
4139 11211
7348 2371
5171 10662
5432 2452
4740 6853
10689 1979
11893 11551
dao-map/combat.map
30349 28910
3360 31859
5536 9618
30734 6772
29189 13818
2972 32623
10829 24283
12365 3541
26195 24153
5410 31021
15403 31954
19710 8640
27456 24387
14885 19135
31082 26275
dao-map/orz999d.map
3633 12894
13941 6750
40077 35931
13290 23030
30372 31546
466 39733
32770 19967
28371 37814
36299 39205
11665 12767
3384 36160
37962 30273
2819 43576
10250 5093
6231 12637
dao-map/brc200d.map
13631 4448
1990 11022
11363 1720
13500 10601
8181 6160
12780 15267
9369 5618
3163 8041
5659 14840
236 12183
15605 3663
9295 8349
15396 3780
9719 14814
14674 13132
dao-map/den401d.map
2607 1254
3642 3637
3532 9034
10351 10590
4643 3288
4234 451
4763 8688
3234 7455
4216 4497
10015 5604
6248 5741
9056 7681
7571 7036
5810 4731
7310 11023
dao-map/lgt603d.map
22647 19164
22577 24755
5533 1431
9320 9889
6695 11498
24752 12245
21343 14004
14838 19908
17153 2254
24900 9731
9525 4575
8041 4359
26401 3087
13605 15217
13468 12607
dao-map/orz700d.map
6634 61263
16678 25486
62674 61601
43380 2324
11080 4710
53718 94007
82965 21897
89532 84364
66877 345
73066 35147
72710 11717
3941 53035
89832 58135
60625 8038
12164 11916
dao-map/den407d.map
351 290
664 632
429 119
645 633
576 394
324 132
167 193
534 570
612 586
348 561
128 492
319 426
391 361
354 614
808 194
dao-map/lak100c.map
11005 5432
34006 13548
12754 