resources/dao-map/lak300d.map
2697 6236
4576 9413
8893 5713
4561 6359
782 4382
resources/dao-map/lak510d.map
3344 3680
1501 3385
1963 5069
4209 4379
7194 7377
resources/dao-map/den206d.map
2228 1815
696 1672
1669 3769
3047 1730
3312 39
resources/dao-map/lak506d.map
8326 4580
9355 7536
418 611
7290 9855
8615 887
resources/dao-map/orz500d.map
15998 461
19045 11042
4857 12012
17648 11855
7606 1156
resources/dao-map/den504d.map
6370 8777
10485 11792
1071 1238
11857 9282
1707 13001
resources/dao-map/lak526d.map
338 912
606 125
82 785
512 266
671 728
resources/dao-map/den011d.map
11186 10911
1027 1196
12536 13683
8197 10414
1985 1127
resources/dao-map/lak100c.map
33158 650
19414 31992
24275 4576
1658 10901
728 19576
resources/dao-map/orz700d.map
93736 31676
40217 46560
60433 33615
57580 81127
34162 5020
resources/dao-map/lgt603d.map
3189 9107
9507 8454
10581 8241
12787 371
3261 22307
resources/dao-map/den401d.map
7662 6322
3732 1437
3926 3950
8218 2243
6614 5317
resources/dao-map/orz901d.map
37361 1857
16281 18305
29228 20762
13160 39134
11385 38068
resources/dao-map/brc200d.map
9520 11164
8367 1420
4060 9009
15167 5859
11798 5196
resources/dao-map/den207d.map
218 358
135 655
610 299
204 216
215 118
resources/dao-map/lak100d.map
25037 7664
4591 36446
37146 24210
9565 13972
321 906
resources/dao-map/orz999d.map
18581 12617
21294 15231
19260 33232
32987 41068
15831 39272
resources/dao-map/lgt101d.map
448 210
259 37
128 27
435 455
424 73
resources/dao-map/ost102d.map
95 190
33 17
126 28
160 219
119 203
resources/dao-map/orz101d.map
563 1210
640 359
975 1628
1201 382
1531 87
resources/dao-map/den312d.map
933 1818
1290 735
282 698
1400 2226
2389 1298
resources/dao-map/ost000t.map
60472 27876
49824 9232
35446 101493
33667 52348
39984 41546
resources/dao-map/orz300d.map
21267 68957
29571 54027
81892 79502
76161 81647
49827 16026
resources/dao-map/combat.map
6181 18772
14743 21212
20430 7511
29272 7471
19743 2104
resources/dao-map/lak101d.map
13 60
180 195
102 264
296 31
267 291
resources/dao-map/lgt604d.map
9662 2065
784 9348
4770 7642
1943 687
1496 4982
resources/dao-map/den502d.map
4153 23808
5821 3090
2927 16569
26742 20684
10059 21340
resources/dao-map/lak202d.map
5115 1324
5931 6208
1202 5155
1304 4243
1867 2813
resources/dao-map/den308d.map
756 1983
2845 276
2426 624
120 637
1318 2782
resources/dao-map/lak107d.map
46 243
276 229
39 180
79 361
7 386
resources/dao-map/lak110d.map
48 160
162 145
28 135
119 102
77 150
resources/dao-map/orz302d.map
2164 2514
1015 1451
5173 795
4675 5048
1867 5113
resources/dao-map/lak405d.map
45909 38947
21677 28969
3267 9686
41581 2461
44023 39432
resources/dao-map/brc201d.map
6893 5422
10104 17523
23256 15695
9772 16021
1675 13000
resources/dao-map/lgt300d.map
27129 248
20854 6091
28658 377
2916 37350
17437 35842
resources/dao-map/lak307d.map
3382 570
673 262
3925 2538
3882 4492
354 4562
resources/dao-map/brc503d.map
58122 48392
5599 25905
17314 56747
25174 59088
15228 59750
resources/dao-map/brc501d.map
47020 12425
50611 3173
19037 32767
14253 27442
20447 39950
resources/dao-map/arena2.map
94 3824
19781 20793
6075 21000
23386 18383
2743 8403
resources/dao-map/den900d.map
3619 1012
2341 4370
2586 4934
640 3574
3408 4769
resources/dao-map/lgt605d.map
1777 1121
1628 701
1583 535
2475 968
2526 2920
resources/dao-map/den407d.map
100 336
408 506
480 751
59 341
811 305
resources/dao-map/orz301d.map
1284 116
1913 3739
2976 4121
3070 3039
2816 1217
resources/dao-map/den000d.map
14545 47424
35332 53097
25066 7279
16203 50258
5718 41586
resources/dao-map/hrt201d.map
7368 17528
16011 22103
8368 773
15577 13241
15860 14675
resources/dao-map/orz702d.map
59175 41292
18974 10027
15180 40034
60587 64507
42636 4750
resources/dao-map/orz000d.map
4011 3380
2512 3933
2788 3343
1974 2997
310 70
resources/dao-map/lak109d.map
57 42
98 118
249 267
61 193
207 59
resources/dao-map/brc101d.map
15122 3222
1105 22175
15941 25114
18654 25273
23845 17334
resources/dao-map/brc100d.map
6515 28908
5178 3673
19334 9849
18839 20228
4050 29378
resources/dao-map/hrt001d.map
2448 1817
117 3576
8 236
1967 1590
2392 790
resources/dao-map/brc504d.map
3762 14124
22086 20464
29352 8956
308 7829
2865 17056
resources/dao-map/den510d.map
13044 55815
35834 18432
35840 33955
27289 20481
30980 25574
resources/dao-map/lak308d.map
6477 5819
4220 5667
672 10172
11582 9546
7064 419
resources/dao-map/orz800d.map
16721 24869
35621 11518
24989 17005
22258 4983
10785 27509
resources/dao-map/den408d.map
80 387
138 170
108 499
326 284
427 50
resources/dao-map/hrt000d.map
78020 105745
2926 82503
15976 48472
5316 16343
44502 80454
resources/dao-map/orz103d.map
29065 26026
38688 6488
3869 9241
39070 37344
30101 8451
resources/dao-map/lgt602d.map
15316 27574
29202 32765
16793 24724
10348 14842
32587 25234
resources/dao-map/rmtst.map
2944 1030
5031 2172
3198 3952
3544 4575
5080 3755
resources/dao-map/orz701d.map
35686 3152
18175 11033
9192 15401
4775 1417
22416 18714
resources/dao-map/den404d.map
65 249
57 333
293 0
307 17
357 84
resources/dao-map/den601d.map
12254 15631
523 13236
14394 2116
8474 141
2899 3684
resources/dao-map/lak403d.map
18469 3849
21996 20009
1145 5395
24599 3084
20510 1860
resources/dao-map/lak504d.map
15189 2773
16131 14489
2314 11041
3963 9423
5668 15881
resources/dao-map/den520d.map
15684 5913
8864 22505
5005 10051
2120 25455
13355 19654
resources/dao-map/ost003d.map
11940 11008
3587 5324
9976 2269
11683 8799
5596 7684
resources/dao-map/lak200d.map
1235 7135
611 2314
7726 3536
3928 438
7883 574
resources/dao-map/lak201d.map
169 9910
5538 4424
6225 741
3400 3807
6704 8680
resources/dao-map/den202d.map
304 245
75 495
381 0
560 250
137 340
resources/dao-map/brc505d.map
14770 15756
37163 18920
15590 31724
6744 34454
1964 16861
resources/dao-map/ost002d.map
411 9572
4925 2523
1068 5443
5214 7433
10370 2190
resources/dao-map/lak515d.map
190 91
1742 1519
1532 148
1607 1653
1622 1249
resources/dao-map/brc300d.map
2165 1469
3845 2306
2681 2276
1613 1609
3437 3256
resources/dao-map/lak302d.map
171 9171
6637 9035
10022 8914
7787 14005
6219 6078
resources/dao-map/den200n.map
14520 5646
9251 3259
10011 15089
2527 12208
11608 15182
resources/dao-map/orz102d.map
281 454
593 95
154 637
426 226
542 103
resources/dao-map/den203d.map
1920 101
971 1675
1154 1797
138 1019
1576 1629
resources/dao-map/lak514d.map
2136 484
1555 2951
13283 9556
9447 8838
15013 14411
resources/dao-map/den005d.map
4290 16648
10021 14384
9377 12868
6158 7573
8697 16101
resources/dao-map/ost000a.map
54633 120406
25933 41626
94555 37396
15754 90398
42771 57370
resources/dao-map/orz107d.map
357 207
78 104
584 147
455 308
356 10
resources/dao-map/orz303d.map
21644 15820
7797 4116
2215 4988
19627 19529
20277 7155
resources/dao-map/lak304d.map
1035 16074
11182 17858
13745 5714
13151 4464
2775 7971
resources/dao-map/brc502d.map
2977 3157
3858 3970
4181 5150
4196 3619
127 2976
resources/dao-map/lak404d.map
192 4069
8696 6142
801 12763
12270 4685
5544 782
resources/dao-map/orz200d.map
454 3250
1550 3106
1702 4818
3012 4857
1979 4440
resources/dao-map/hrt201n.map
21119 4032
13537 11245
9424 12845
23404 16244
7639 22483
resources/dao-map/lak519d.map
2142 6150
9970 6242
10740 14318
11141 363
15072 1676
resources/dao-map/oth999d.map
1292 431
963 376
153 1057
380 538
1137 511
resources/dao-map/den201d.map
471 324
304 4
185 33
224 194
437 462
resources/dao-map/lak512d.map
15380 24483
9776 14344
7339 10340
14434 20732
9428 24846
resources/dao-map/hrt002d.map
717 594
256 251
645 71
580 523
106 60
resources/dao-map/lak103d.map
726 254
286 344
828 322
281 514
102 348
resources/dao-map/den009d.map
74 279
155 938
382 187
100 969
292 63
resources/dao-map/den405d.map
242 904
332 437
170 214
332 774
466 894
resources/dao-map/brc999d.map
4700 11697
10089 8945
3627 9968
0 6528
12128 10344
resources/dao-map/oth001d.map
13390 11782
14226 11748
8538 10423
3144 2136
6305 7276
resources/dao-map/lak507d.map
1650 1773
3473 3061
1505 2655
2854 3802
4217 324
resources/dao-map/lak203d.map
1202 2211
3279 2077
2846 3262
3052 1378
239 586
resources/dao-map/brc000d.map
7648 9059
9738 14517
2947 8788
13564 8695
20807 7663
resources/dao-map/oth000d.map
7087 3570
9086 15665
10382 5913
2249 1985
15895 844
resources/dao-map/lgt601d.map
19553 23544
92 9651
3150 8972
1574 5649
23627 8760
resources/dao-map/orz304d.map
3547 1312
5290 633
409 3901
3841 3479
3472 1136
resources/dao-map/den101d.map
596 820
114 115
1024 987
1118 354
1197 1246
resources/dao-map/lak100n.map
4565 12835
31636 24562
12693 24133
24858 26091
20350 22838
resources/dao-map/arena.map
325 1513
192 1590
1206 154
394 1260
1681 1725
resources/dao-map/lgt600d.map
7119 6587
12453 5719
17759 15650
15178 166
4151 15033
resources/dao-map/orz601d.map
522 719
1267 364
1838 1103
1661 260
1173 1859
resources/dao-map/orz703d.map
34501 16024
48903 67411
28767 71424
57603 22029
2697 10961
resources/dao-map/den901d.map
3820 4339
2314 2305
4350 2485
153 1574
3685 1636
resources/dao-map/lak511d.map
15640 25695
12754 16324
4767 9660
25655 26858
6340 3251
resources/dao-map/den001d.map
771 7236
2232 5532
5425 5815
5297 564
8366 6098
resources/dao-map/lak513d.map
8363 16911
36591 40690
15870 15694
14325 791
25907 30329
resources/dao-map/isound1.map
663 703
142 2430
7 841
938 1076
1168 2452
resources/dao-map/den500d.map
9267 23137
28164 10403
2216 11476
485 11489
26535 19317
resources/dao-map/lak505d.map
13762 1686
15274 9001
428 9989
10373 9175
14701 7444
resources/dao-map/lak250d.map
3125 3638
1903 1526
6570 4634
1080 1797
1923 423
resources/dao-map/combat2.map
6669 8704
22824 26458
16039 29679
30583 4148
25150 14560
resources/dao-map/den200d.map
782 551
4003 9066
6224 12993
9637 13067
4068 3455
resources/dao-map/den998d.map
294 1697
1606 1306
772 1812
810 277
369 1657
resources/dao-map/lak102d.map
387 40
210 315
93 14
413 101
260 468
resources/dao-map/den602d.map
11258 14364
3619 19079
2820 5225
15070 27735
2440 7646
resources/dao-map/orz900d.map
380 25471
30736 45241
65837 43198
3508 16600
71189 27821
resources/dao-map/lak503d.map
6942 17352
8360 14001
6012 5791
11633 10165
4111 7077
resources/dao-map/ost101d.map
3026 327
1266 776
854 1385
857 1228
2546 888
resources/dao-map/den012d.map
7889 759
7500 15677
11267 10807
19965 14561
7857 6637
resources/dao-map/brc203d.map
13231 10443
8705 10534
13506 18802
17868 19994
6550 13876
resources/dao-map/ost100d.map
72501 42057
98828 17726
99152 108059
55098 44991
52343 73916
resources/dao-map/lak104d.map
835 402
572 267
221 660
13 204
385 294
resources/dao-map/orz106d.map
235 114
279 195
149 277
321 251
139 154
resources/dao-map/brc202d.map
16720 4956
5059 30209
20576 23142
13419 29944
42471 9780
resources/dao-map/lak400d.map
21348 6986
33602 21777
8736 33326
1912 4687
341 13264
resources/dao-map/rmtst03.map
4394 4464
2113 2350
4111 3915
2634 869
4075 3906
resources/dao-map/ost001d.map
10503 2465
2694 4412
9887 828
8787 2053
3527 1392
resources/dao-map/rmtst01.map
3824 3320
4423 2373
3137 1810
1597 218
1254 2802
resources/dao-map/brc997d.map
19168 9594
4837 3316
13092 4504
991 796
20098 19523
resources/dao-map/orz201d.map
732 423
488 446
612 562
574 557
736 251
resources/dao-map/lak106d.map
325 1475
158 1562
543 1028
99 1108
1849 605
resources/dao-map/den403d.map
1190 1048
1528 888
1720 233
1518 1945
1981 422
resources/dao-map/den501d.map
13220 23327
17935 1328
16596 26204
2527 21223
12262 14835
resources/dao-map/orz100d.map
12170 92421
76461 69386
85457 47034
21900 6414
38265 74416
resources/dao-map/orz105d.map
109 180
417 200
630 266
337 493
74 254
resources/dao-map/den020d.map
676 69
1132 925
1289 304
1808 2925
484 1782
resources/dao-map/den505d.map
16271 11680
13762 7989
6477 3157
2631 18006
23179 23886
resources/dao-map/lak108d.map
109 249
88 89
39 185
71 2
77 160
resources/dao-map/lak105d.map
423 335
388 273
292 403
402 163
11 370
resources/dao-map/den204d.map
1866 843
2655 1826
344 1936
2720 1316
1858 903
resources/dao-map/den600d.map
5248 12006
3991 12436
12569 6524
2609 10857
6306 8793
resources/dao-map/orz704d.map
1883 1346
995 1628
1399 514
881 1892
404 30
resources/dao-map/brc204d.map
15195 18312
21381 23360
19267 7943
13418 10092
14026 1549
resources/dao-map/orz203d.map
98 101
242 19
129 80
32 136
164 46
resources/dao-map/lak303d.map
14065 9894
8672 6389
12362 11596
11837 7883
126 10467
resources/dao-map/lak401d.map
13417 38547
39629 250
39908 40816
10733 31091
8088 32652
resources/dao-map/den400d.map
27671 12368
24245 28767
22451 25643
2067 8364
118 15452
resources/dao-map/ost004d.map
1768 21
3083 896
1586 1855
4142 2067
1536 3792
