dao-map/lak300d.map
1666 1803
5786 603
6086 11477
5808 8770
4380 6238
5828 7745
3983 487
10180 9032
8083 3562
3906 6413
8604 1842
345 183
7973 1628
7885 10263
1049 7684
7666 8655
3340 2723
9688 1796
1821 3789
10945 2175
6145 757
7508 9246
8905 2453
7636 2386
2783 5972
8284 5777
3741 2230
425 3857
1451 5193
7849 5150
457 1255
73 3122
8907 1189
10725 9460
7314 5410
4791 8519
2510 9790
6152 4925
6629 8586
8337 7851
dao-map/lak510d.map
6805 5183
5271 5400
7418 4755
5123 3907
4723 2647
6465 4386
2144 3714
7352 1161
6979 1322
751 7184
2006 6371
7531 7646
6626 2272
7005 1897
3193 5830
3949 6544
2852 2469
139 602
2540 7516
3503 356
2722 5051
6849 503
6649 3229
7511 3249
3425 2867
1988 7552
6227 3486
1844 5875
1174 4500
3161 1293
1205 84
7337 870
1150 4988
6303 3570
3289 102
1453 5125
1760 6575
22 228
6283 2924
3422 31
dao-map/den206d.map
1168 731
119 2323
763 2799
847 2838
3052 2232
1864 3404
1897 1413
1961 4330
1509 82
3354 2305
689 47
1843 1721
2244 3913
3616 3478
2442 4488
3895 2386
162 684
481 4329
2524 3891
205 4451
335 418
4186 4172
3828 3057
4224 1086
4019 4062
3547 4112
3785 187
2914 3527
2709 2985
1185 1822
655 1219
3177 1622
4388 2330
3072 3623
3288 4486
4362 1228
4365 4220
1503 598
4280 2908
3224 3813
dao-map/lak506d.map
1435 10834
8325 10990
4750 8679
4420 5251
8018 8759
6524 6881
10929 9136
7909 3542
1898 9336
10509 2312
4817 7161
7858 4147
11684 8514
5358 2708
2482 1538
5185 9087
355 1512
9586 8400
5196 4141
9589 995
10056 2065
3878 4434
13629 6749
12128 1058
4045 10348
2410 12201
13698 6518
11873 6966
2456 777
5865 10734
5041 6086
6024 1045
6474 2006
7601 11448
4536 10151
9160 8518
13786 6846
4755 10996
2984 12027
13361 5700
dao-map/orz500d.map
9144 11722
14466 6958
1228 15379
4990 1046
6154 7
19207 3401
4554 16242
4206 10663
2506 17494
19807 2797
18129 13825
18809 18275
17091 17063
10909 6012
13219 5222
7790 766
3856 14732
2287 18175
15426 3307
1393 7409
15963 4734
5197 10477
5748 20106
19211 16426
15630 547
1980 7615
15285 11722
5921 2975
14787 10071
12185 2159
7918 7935
17847 4993
7049 12925
9841 17469
12909 19918
6775 5885
12013 383
2573 1913
19290 3282
9511 7857
dao-map/den504d.map
5694 7631
6694 5836
392 3159
9676 6489
10329 9305
1261 461
8937 4242
10769 10542
8464 11142
3349 9226
6027 6489
6146 3178
2049 7210
13321 9970
5156 11898
4945 1760
7144 5888
4392 8600
8203 720
9793 10328
972 1505
11124 9953
9264 4449
8038 281
9414 8783
5350 8725
495 6138
13246 195
8566 2154
3121 7500
5407 5727
260 1341
7934 1545
11650 715
8427 9666
5048 3893
614 1153
287 11438
1933 11354
3385 2396
dao-map/lak526d.map
771 882
395 252
381 885
721 727
817 293
729 246
273 555
573 418
432 510
490 418
950 932
658 139
483 928
775 689
316 570
251 793
81 389
216 422
619 369
571 893
263 210
302 432
174 532
189 507
883 947
155 97
358 90
320 937
338 713
551 445
471 292
568 836
603 568
58 546
122 717
574 772
38 788
4 146
608 347
888 195
dao-map/den011d.map
14151 14459
8566 11487
11589 1673
3588 14141
880 1976
3351 11571
13627 1839
8170 1216
6560 1571
1670 6385
13643 1353
4784 4768
4217 14107
2527 4748
8316 1935
4707 11669
4899 845
4780 11024
622 14353
1836 13797
6292 10928
1539 5515
2149 1890
10704 14307
10213 1700
2280 5092
11778 7268
3110 9877
1982 13564
6252 13516
8569 9488
1001 10910
7001 10650
2716 11281
1667 12981
3526 13276
7886 13547
10456 2744
9923 6731
3833 3515
dao-map/lak100c.map
9745 11084
33726 20663
29646 28225
2712 29035
18712 26536
3691 1376
8462 15682
20442 24093
1227 31224
16117 19193
25523 23947
23555 25527
22323 11742
4589 15199
9865 5683
33451 3556
4427 33846
28742 12660
14077 34683
26661 6688
10630 29225
2038 7329
8986 24343
29005 14471
14380 28559
11497 21728
16244 506
24542 18961
11708 33251
8616 31057
22125 29974
30253 5705
17482 7664
22464 23533
21905 17082
630 322
14922 11659
10845 8449
2041 31373
27602 32747
dao-map/orz700d.map
31951 44184
88314 77127
60373 12274
68536 27168
45838 90080
46889 42329
78571 51603
82340 63970
64553 86685
37836 47061
53045 5658
12946 46907
78506 12833
77500 34776
45238 31247
53974 79168
32902 86075
39839 24312
35975 48195
14941 52533
91377 33990
12016 16993
75630 2414
52187 84031
23497 86776
86765 18064
51120 24235
48113 89920
8540 14541
44692 6307
81549 55884
68015 10928
54796 18227
76889 62236
5552 52369
73419 44962
69691 26725
68992 52855
14800 86832
49896 20971
dao-map/lgt603d.map
15227 22356
23020 15525
16634 5049
16599 20829
3900 2855
24264 11077
22896 6457
7857 18550
1223 13134
8278 1547
24743 14749
5585 20312
3344 10401
2406 5525
11768 19492
4380 26574
17524 1989
20846 7343
25187 23119
15186 26054
25373 23912
18274 3198
21637 9521
14930 9908
23215 21215
4001 7242
10540 4068
21750 2793
7309 11375
10127 4537
16877 19965
5526 4752
7566 13922
26044 23156
17138 19435
17923 2147
160 18986
4937 24466
23607 5378
22477 25704
dao-map/den401d.map
11343 8065
2282 10206
9074 4578
8571 2968
11100 1591
900 10277
8309 7901
2230 7957
2415 9403
9120 2499
421 10394
6011 6075
4409 5050
9596 5794
9658 2823
5814 3192
1382 3507
5991 7397
10739 626
11170 5069
7474 10454
8118 9704
11027 7408
3510 5261
7760 2608
1279 6984
7538 2512
4220 559
6276 5467
2385 8510
3020 7419
3871 4022
7878 3261
8663 690
10168 4252
3159 3765
2643 6235
7918 6116
8498 8919
9649 660
dao-map/orz901d.map
13494 30864
11438 4398
10411 22378
30211 40804
30756 9696
20635 24531
34970 24803
7366 39861
28363 33815
26133 28621
28749 39842
24830 34265
11654 15600
2543 24310
41589 27073
17958 23479
2890 3371
39124 32903
38027 31407
14199 42468
39309 14365
37500 22590
34201 37084
34125 35311
32145 25474
2772 25698
7475 20380
24473 21489
11334 20640
13842 40126
37155 6252
41045 21530
17759 31045
2219 3519
40343 42432
41576 4924
12275 434
19001 10942
41412 17229
22195 21818
dao-map/brc200d.map
13888 1694
846 11112
12664 8691
4731 442
13217 14964
15545 7276
14341 5489
12979 6682
15489 3958
13741 13678
8493 1476
9570 14478
3832 6192
2943 13092
13579 73
4754 12926
7895 10116
3300 418
7965 6981
13352 3546
4543 8137
13980 3332
6109 9988
9794 13822
8796 9748
15445 1073
345 5641
10309 15046
7205 11072
15141 6307
10245 5175
3645 5310
7981 11934
7803 14099
5103 3127
11887 11915
14818 4322
9664 12356
6198 13207
2030 12488
dao-map/den207d.map
425 778
77 162
761 829
433 720
679 144
359 306
263 48
634 493
126 855
195 223
47 283
293 148
859 819
310 191
792 808
52 402
722 119
98 857
553 402
769 201
66 136
227 707
149 117
120 104
624 316
853 202
10 42
259 548
399 413
3 302
859 497
707 49
9 448
118 459
416 683
74 618
554 268
369 140
863 103
397 807
dao-map/lak100d.map
24954 23499
19282 11448
38479 28044
19028 14557
38848 10154
26246 1601
15991 33009
18966 1188
14360 7170
26823 20864
13910 38629
23111 24248
19762 24919
14913 3369
37050 4285
23458 791
32606 9565
30831 14196
26692 22151
6045 16713
38023 19557
36873 14531
3619 4654
27376 17865
13561 6703
32799 3225
36463 23966
18895 37510
15797 32498
36800 37768
19624 1680
21737 22870
9671 25377
6256 23326
15764 25268
12636 39416
28594 3588
17561 34962
5482 24935
11853 5176
dao-map/orz999d.map
20133 22523
9530 10951
25202 6347
40142 12260
861 1162
20443 39904
17677 32004
14317 27175
3574 8990
35777 22299
5486 15661
30089 31822
16666 42255
4538 15682
34054 23024
40698 31141
41104 15871
34047 25741
16192 37033
15022 23324
7370 1929
39568 5726
1541 20775
42583 10481
22919 21771
13137 5867
42211 11274
2121 14372
1462 13857
7074 28207
6466 33280
9021 29674
42586 41879
41333 12747
9791 6033
20799 20682
37133 8039
30330 13981
8154 3657
42596 39332
dao-map/lgt101d.map
29 93
192 164
48 207
257 206
389 302
419 460
28 81
270 399
150 4
103 455
168 72
238 299
453 330
331 368
316 403
225 11
368 338
179 250
29 53
89 341
155 344
31 307
141 251
385 107
86 127
165 86
198 145
177 260
91 71
10 440
16 138
184 225
257 206
454 282
460 86
279 161
209 92
209 320
342 432
220 429
dao-map/ost102d.map
145 154
16 96
38 222
92 167
70 128
144 53
108 21
242 221
230 51
181 201
3 22
49 20
115 2
7 46
177 160
243 220
55 167
235 224
176 29
23 247
115 235
206 56
13 183
137 140
201 97
120 22
210 96
93 0
20 18
81 49
215 27
123 130
67 238
234 104
244 47
130 76
26 47
129 157
71 20
55 41
dao-map/orz101d.map
1277 495
651 951
90 816
743 626
1489 618
1333 1019
341 1471
191 1297
829 1206
721 609
1215 1192
409 1261
1222 105
1311 465
456 58
756 150
1566 1263
1201 859
1138 1569
656 181
1038 361
643 622
1028 1491
1719 245
168 225
296 1027
149 713
1295 1453
122 1375
9 1407
1294 284
160 250
1283 1365
1185 1202
458 966
175 1087
865 1759
1275 1481
1061 106
1663 1477
dao-map/den312d.map
2265 1843
782 1104
2393 69
1527 272
814 2188
631 2213
2177 29
382 612
316 406
2403 1639
1663 932
225 563
193 1797
884 1743
1977 859
207 1202
107 1617
2362 538
896 603
187 1030
733 1287
1271 112
2359 1868
1034 929
154 2211
847 715
958 1845
151 632
2371 121
2348 890
604 1300
1260 1510
910 141
769 2341
1354 1387
493 1464
343 543
2132 870
583 761
2029 29
dao-map/ost000t.map
3759 45593
43647 77261
92443 70118
13818 14920
52265 42711
75961 99685
6534 81774
57394 78350
99649 54973
41401 47881
10004 105259
25941 81512
34736 89382
33301 95787
35788 11291
82383 24472
92182 37566
45774 61186
35416 35769
93254 86629
21640 77302
96747 37070
85576 1338
103461 69226
97643 96603
57251 62244
66170 45915
100421 95725
43461 45212
40673 85743
15160 33508
99303 5444
56878 21555
93686 7698
22687 25034
40406 2000
69461 76324
65470 1497
7255 17873
96687 63694
dao-map/orz300d.map
58260 63441
15442 31298
48280 78723
66535 34559
36931 9155
9124 79067
23854 62761
6901 27265
16951 16388
21007 15767
75007 72595
57578 10392
30173 73780
25578 67226
62429 82220
71311 76366
80398 3202
56136 66557
53327 12463
46516 45658
48682 76731
38898 82442
62435 13145
46954 18099
35682 8457
60731 50783
59157 36348
70263 65641
60753 8981
5311 78577
77970 77223
82445 71203
13292 44299
78581 79700
2591 80372
44920 34324
69993 52163
68849 69196
21871 63389
47146 17665
dao-map/combat.map
31671 29061
9891 20150
5346 31906
16242 18386
6643 31710
338 3388
3495 6635
8064 2145
29899 5035
12000 19264
19659 24598
26537 30367
16965 2927
9892 23912
12864 18723
2099 23199
16040 18162
11559 32426
24841 12417
8137 1008
2100 9538
16367 21142
22517 132
27938 31409
9574 26205
2011 1989
3194 7957
28403 25044
13689 1344
16020 3897
7593 3914
28706 6196
13847 23269
22758 28170
26041 4285
12915 25808
20817 13624
20076 4709
16271 23721
3389 14610
dao-map/lak101d.map
280 184
145 7
186 79
101 294
127 34
126 295
294 275
141 10
228 243
293 19
289 62
165 288
85 313
33 254
313 222
295 21
127 241
274 91
75 66
94 181
276 66
96 171
7 265
44 87
25 163
253 103
308 159
58 286
2 207
43 217
272 263
171 125
163 122
29 133
166 306
202 124
184 296
72 224
35 226
193 278
dao-map/lgt604d.map
7766 5955
6858 886
768 10611
6909 1596
8178 2284
3748 4692
2988 11222
11090 3887
4509 10401
9352 4841
10782 9456
10498 7977
9735 10853
9576 9315
7380 2661
9307 8856
7490 6273
7843 9840
2900 4589
10926 9745
8549 3868
1118 5479
3793 1021
1798 11191
6412 6696
2678 5251
5985 5629
10755 920
9144 9445
7402 1374
5987 2992
7148 7437
4800 1074
4688 6934
427 4845
195 4016
1417 1205
10194 1243
2283 7735
6954 1573
dao-map/den502d.map
14277 17185
9774 4672
20710 18769
815 23920
10086 6980
373 17073
21461 5471
19475 3423
1649 4080
5919 10765
22906 26933
1112 9932
17365 9782
2126 19593
4616 9490
8328 13556
18276 8347
16039 13339
23502 22376
4625 4848
13359 20854
7715 24041
15978 17651
10976 7861
26525 20609
1290 18111
11173 27097
22916 6267
18564 7558
12521 17081
21912 8546
2079 3745
25996 5806
13887 14098
15519 18679
9772 16911
10290 9897
6804 24952
18265 17716
23037 14256
dao-map/lak202d.map
1970 1090
4241 5552
4974 6135
5654 3207
1819 4740
3081 4422
4675 5152
59 5309
800 3857
3050 2687
6143 514
3605 109
1331 5766
3799 4140
401 5065
5190 3325
6106 985
1125 3395
5 5772
2812 242
1531 5736
1363 5990
1523 2512
602 5652
4194 5076
5530 40
5390 4147
65 1856
4843 1945
2900 3617
40 3083
4646 684
2460 204
3666 839
3048 3085
4485 1182
6082 3846
1466 6135
1188 3190
387 2320
dao-map/den308d.map
2376 52
2981 511
587 422
612 2955
131 217
2680 425
2584 1843
265 734
1265 1665
2484 1648
1158 1141
251 2519
1335 1089
1691 3041
671 71
1782 2435
3080 1087
1979 792
3101 385
2406 2013
1353 1445
2927 603
2576 2755
233 3137
1571 619
2710 3002
766 2425
99 2331
1421 1242
11 2018
779 2248
1377 127
3024 2930
2552 2847
3102 2985
1525 1850
2610 2806
1860 2459
2177 2972
2050 2264
dao-map/lak107d.map
286 21
53 20
162 185
286 327
30 168
136 90
45 323
348 80
110 356
382 164
100 234
299 89
99 87
17 18
48 95
217 387
336 376
146 289
317 154
344 118
187 147
387 3
158 57
201 363
352 113
76 236
263 225
90 90
225 118
360 284
194 369
259 57
236 211
255 307
83 207
56 13
130 158
142 348
202 201
331 120
dao-map/lak110d.map
53 8
22 64
52 45
94 118
136 145
160 162
5 31
110 127
145 108
133 2
33 36
159 30
165 160
37 21
65 28
5 152
96 146
50 150
24 50
117 132
114 155
98 128
92 75
90 52
77 148
110 21
23 166
27 78
42 111
153 108
79 72
158 120
104 163
90 154
117 74
138 31
152 69
82 67
90 125
74 71
dao-map/orz302d.map
4687 1784
3143 3901
1418 3417
3089 3470
470 1002
4599 54
3142 3905
5174 1761
962 1125
1415 1719
5032 3844
1928 3675
2745 269
3367 3708
1893 1276
5010 3329
4679 2366
3403 1629
3081 2072
4600 2757
783 3764
1853 2456
1625 4482
5199 3496
1046 1344
1381 3813
121 1546
5080 3427
1704 967
3042 4045
1028 421
2315 1523
4946 181
4594 3089
4295 997
4403 4646
3458 4248
3860 3975
1297 4454
2031 1575
dao-map/lak405d.map
25907 41781
33681 42004
34112 7490
36807 42296
11024 13686
10373 23743
8016 7131
10697 31430
24296 39926
45454 47071
16273 26211
45920 19026
3363 32807
22517 38678
7088 28091
13452 3477
19189 1860
32411 33382
5606 14160
37605 38060
33766 39818
40273 19902
8739 30449
9247 35567
45775 4405
26250 12260
32192 4280
45542 47077
10100 28166
18273 9748
6328 41050
36571 22222
39526 29877
34181 43417
43570 17243
23741 24802
12262 7789
10384 11236
14095 25333
9375 8932
dao-map/brc201d.map
5013 1289
7441 7759
18009 2136
23885 19687
16853 19318
6916 1925
13139 17080
4325 15195
19008 7311
9597 3593
17497 18313
3364 9113
2128 21510
13067 22091
1398 6909
7899 3701
10195 10000
10585 11747
7686 6361
3184 604
6024 18954
248 8065
14621 16891
23791 17714
25092 24707
17902 6739
3417 18313
11361 24685
5916 24307
12695 1019
13982 19733
19216 3842
7072 8947
12243 22687
13166 18301
15805 3464
4954 21272
1177 2526
6227 22945
9028 22815
dao-map/lgt300d.map
689 36997
33737 24488
13961 12313
22312 25473
30209 576
11671 6868
34091 8372
16612 35117
11371 3346
926 8205
25363 8249
25158 7005
23501 2516
16387 25844
29143 1474
29156 22389
29797 4404
12658 26847
18356 4599
31994 9565
16070 21089
35683 5168
3793 3969
18070 31541
16285 5814
23396 2839
33041 2891
16634 17139
31974 5557
3555 21412
12212 15603
34498 35491
2646 9332
5465 1735
1788 29803
37240 9684
17411 24549
10821 19281
28690 1106
28912 18545
dao-map/lak307d.map
4283 1237
3841 1652
3766 1817
4433 907
3731 1904
3510 392
1676 1171
1788 4267
3751 2771
490 3199
476 2992
810 1195
4191 4344
3182 3503
4682 2483
4194 447
2342 3732
1685 3103
4149 4658
916 1940
288 821
1086 3834
3496 2792
1810 549
4217 2146
781 3369
247 4417
2589 1508
2341 4235
1284 1431
2346 578
1876 856
3961 2075
1223 707
139 3038
873 2380
621 3544
3046 3666
2473 3844
755 591
dao-map/brc503d.map
33016 47611
3980 17445
12364 62748
48931 18424
4662 6069
58892 18189
34217 570
53243 6095
12962 53739
6483 29855
53595 35594
37520 45254
26209 18881
37063 35531
5914 60574
7870 7835
19436 31952
36480 22821
66056 47562
1721 18628
65116 5462
60034 21194
11312 9103
57813 57405
50816 8149
29866 31552
39949 64303
66812 29251
54934 14699
62392 47419
63038 10655
7456 29633
1655 61157
8736 38541
12667 61946
28837 55691
55516 33979
26927 44734
67084 52169
64222 16323
dao-map/brc501d.map
49792 28233
25325 43331
40952 22931
53808 30112
10815 56802
36023 54106
41234 33858
42194 48779
54271 32346
39779 55224
31224 2493
51342 33285
4512 21122
56379 23886
19525 18810
914 55058
40948 35490
4118 18426
11278 438
38149 18751
19234 54030
986 12984
47472 16857
11215 3688
10592 16324
46086 19040
4915 52413
11283 38630
34504 51137
37723 2253
46588 23945
24062 54424
318 51628
48272 26392
29453 39068
49304 38473
11181 28398
1570 28775
11372 48760
38024 47676
dao-map/arena2.map
8369 14294
6952 12891
7086 14740
2943 4547
18740 7473
4831 7358
13193 13248
12756 17990
14075 18570
2270 20089
4136 23175
11783 23672
11780 14583
1482 23323
19998 18508
19723 15800
18131 10612
101 13393
23028 15184
21164 9244
8548 15783
12341 18894
9874 21500
20830 497
5805 23438
16029 14972
20007 9979
13099 12620
9094 1202
7583 21551
386 19618
16398 18647
1321 10719
18065 15688
9958 23147
21358 1254
4914 4456
19142 16967
10510 9537
9944 2629
dao-map/den900d.map
1650 652
4486 3759
1105 3213
591 1142
1220 3703
4142 1927
1974 761
3833 1587
3618 655
1143 5036
1403 241
2193 2451
271 3977
1491 1977
1820 1315
2755 4381
5187 190
40 1509
4494 3788
4553 916
3330 1137
1256 4763
4048 964
2553 4373
4311 3565
2123 2596
1724 83
2862 4177
2075 4487
2170 4498
2592 1545
4876 1845
4923 2076
105 4175
14 1602
4726 95
1393 2844
3032 2069
3989 1094
959 3366
dao-map/lgt605d.map
1423 2400
1564 438
1810 2179
1172 369
2683 2678
711 1891
1526 237
2361 1211
1499 1081
228 2083
1582 2617
69 191
2559 2248
2521 1329
646 425
240 783
2969 805
1640 2380
392 2307
1620 2059
1411 262
1012 1322
1660 1562
2535 169
441 520
154 2604
825 21
73 1939
2314 1308
2598 1817
1639 1451
1451 472
2957 1346
2326 2091
33 1938
327 385
1043 259
2558 2010
1602 2385
978 1087
dao-map/den407d.map
715 401
239 281
678 313
223 307
140 438
47 640
203 237
614 694
818 396
368 108
820 169
223 374
255 647
371 766
52 336
735 122
644 297
116 708
110 818
540 304
244 789
331 789
608 243
45 67
337 809
294 521
225 389
739 538
431 553
190 623
764 22
202 149
786 755
551 365
593 436
569 728
432 669
178 37
37 797
275 571
dao-map/orz301d.map
4219 3826
1669 3378
880 3614
2020 2857
3481 2992
3037 1865
1458 1335
1273 2685
3238 3387
3267 1206
130 3929
2479 4069
4279 3822
3671 1216
4522 4297
2647 436
1927 3154
3321 3710
2013 3903
1062 60
286 724
2543 2428
829 4260
365 839
886 1175
3000 1146
2851 3408
3992 2120
519 1856
1034 3138
3610 739
2236 300
3032 4211
121 2757
2195 4342
477 12
1905 1798
2999 2083
2705 1776
3074 2013
dao-map/den000d.map
37397 54769
37664 34328
5033 16045
9530 29551
23766 57441
6202 20193
49222 21896
27827 41904
39330 5675
35407 48439
52734 21947
10175 7345
8395 40632
38572 24304
3796 41473
55610 56649
46980 3907
43652 19700
13424 18368
3750 55120
34830 55560
57939 29871
3799 25735
16353 54221
3433 29795
28548 6172
24229 34996
41532 46804
19220 55970
22682 4730
31021 402
37064 39776
16449 16618
14605 37508
25645 40143
49189 53241
7962 1717
40519 14709
42138 47916
33939 46678
dao-map/hrt201d.map
13365 8360
5061 1772
3930 20469
12674 1224
10249 6452
2714 15956
23439 3160
21873 21421
4631 17161
15420 13648
22130 3352
22875 18307
1207 12801
18272 2131
8404 4531
13104 17306
9523 580
22034 20503
18677 21905
7278 12580
1540 4712
20176 12409
21890 4859
9025 21728
2868 2281
15750 15572
8807 6159
2494 16794
13182 21112
10132 16073
2284 8248
5956 15326
1473 7263
4584 23439
1654 13644
8342 994
11275 7956
16780 16319
17348 15645
16740 12375
dao-map/orz702d.map
14849 33846
49256 46187
19859 4494
20577 24708
46208 14913
20296 16533
279 47554
21020 9791
18277 14957
54287 11521
12037 61246
40005 33363
36587 60074
66780 56975
5862 13036
48859 38203
56786 61412
11870 54666
8122 24973
64190 23550
69787 66883
22376 28472
46862 62797
60538 26533
6253 54158
45534 9539
46350 10037
10173 68772
16532 57399
11618 37849
11655 53194
8098 20533
50344 69251
68847 42820
27108 58960
54724 5184
27394 58056
67254 59526
33613 53487
44200 59443
dao-map/orz000d.map
2931 2515
3131 1550
988 2002
1293 3466
831 1829
3453 1066
2658 1383
2624 3388
3072 2395
3294 1154
3920 1580
1041 1772
2311 2311
542 1126
739 1521
1188 42
3539 2415
2462 343
1614 1186
3754 2731
1166 1158
1295 2724
2111 877
4046 1973
303 434
625 3639
3852 2429
3798 1998
3444 51
1870 958
484 2448
1719 2063
2974 3809
2526 3900
2811 3193
3627 957
3637 665
3602 1064
703 179
3086 369
dao-map/lak109d.map
209 262
139 287
111 292
8 291
157 49
103 257
203 195
235 261
248 286
86 12
27 199
217 214
114 306
166 26
101 128
162 95
303 244
2 90
105 238
279 228
194 226
211 102
17 183
225 285
263 259
20 119
290 9
215 198
72 127
299 96
37 218
171 190
132 256
191 197
33 260
259 153
61 288
217 14
34 21
78 304
dao-map/brc101d.map
657 4867
18659 20650
15801 7638
21357 10793
14944 19888
375 15722
12950 27347
26317 18930
11643 1512
15308 19810
17170 26040
18555 6668
3853 29649
4034 26522
1977 1446
14012 25205
15354 13232
8108 11852
23868 29657
10975 1902
24382 21202
12406 22584
7461 17210
21366 16222
11536 10231
9242 16294
5276 18673
22218 13188
4375 7699
5356 302
20742 2242
3205 6667
25573 12038
19353 15966
4702 15391
11224 1084
1747 25736
29301 3322
28095 1255
13352 4934
dao-map/brc100d.map
13681 4278
18253 16329
7235 30760
7161 20173
2282 6598
16827 30834
15159 17444
26469 19575
11356 4742
28965 25823
30549 2460
5284 14726
12608 22703
16398 24053
17545 29177
16719 13470
27490 20906
1836 6441
21101 5397
2905 21990
29124 23295
735 29451
24019 22784
6424 9978
25924 3414
23661 3483
8088 30814
23089 13455
24334 18379
6567 6576
15341 24940
1665 4995
24310 5428
7057 9181
13711 23300
29371 2640
21055 28841
12888 29564
13079 7117
5510 19647
dao-map/hrt001d.map
253 2675
1870 2822
3589 431
240 614
2654 3312
586 1685
3404 1909
1503 3218
1721 156
540 3684
1959 2035
1063 1460
3521 2662
544 2419
2884 2120
1654 2776
2682 1546
2779 1670
3221 1012
982 3459
2275 378
2746 3253
2132 1231
3579 1890
2983 922
1934 2461
354 2371
2970 919
2982 2422
3578 2125
58 1666
1053 1866
2899 618
988 1583
3023 2806
2264 3280
775 1921
908 3516
1964 1785
2651 2992
dao-map/brc504d.map
2224 11424
26224 31444
24181 45555
35832 20519
27248 2753
2153 44606
28844 20362
13297 18853
13421 2290
15862 7585
17261 22911
21900 45899
28796 3526
14014 41703
18077 39837
24975 41898
23476 29047
36384 13841
9415 29817
27386 33864
45788 34515
39439 9586
24995 43255
1831 43991
2469 45198
5656 36649
541 37471
45330 30098
38684 31071
29553 28496
28878 28308
41487 26055
24813 42967
46148 25877
7368 32627
8306 8619
28190 29512
7233 44063
1042 12331
14899 16791
dao-map/den510d.map
43293 15497
25870 4996
10590 23995
36696 10849
29282 38684
33273 15217
55900 12988
51843 50978
23979 45376
11396 27489
5594 12998
27968 43888
35138 41416
4580 25698
19192 27040
43650 26295
30905 2063
4839 15016
3808 20111
40566 40194
9237 12882
45603 45886
19553 32842
26195 32280
18046 42121
51027 2356
33677 44005
28240 22598
43211 54406
18134 38446
33478 278
9403 42567
12593 49318
37549 1345
9985 15018
17786 21871
42631 41149
2682 54009
44280 28010
30841 42367
dao-map/lak308d.map
7462 6047
6135 1290
4301 5876
9027 11039
3641 8935
9985 5310
6817 5941
408 7434
7606 9777
4379 857
9344 126
4364 1364
7793 5568
3624 1573
6042 11364
857 5485
4743 1528
1735 1906
6677 5337
1074 8655
867 3980
1397 1397
4400 2465
145 624
11637 5482
466 7432
11826 1858
4518 11267
1252 10950
1400 223
7765 9971
3733 2529
11208 11829
393 9940
2817 1294
5024 5280
7268 4496
11782 1856
7055 7120
6768 3909
dao-map/orz800d.map
8298 35916
11508 47483
12576 22049
11628 52284
2108 542
47235 55503
50959 7388
48748 40134
23503 32896
57379 16812
4290 4462
40229 5939
42521 15998
51508 54702
44533 23429
5938 20332
58443 24083
11525 53763
6630 11070
42945 19754
46330 48868
56105 8212
8066 20979
32460 6953
54939 47802
47205 51890
35517 9733
1858 7237
36149 34123
26973 40560
31337 13810
20643 32046
30004 21372
48733 57741
7739 27966
23357 53101
6929 29438
29267 27506
42165 5086
9643 57734
dao-map/den408d.map
529 214
494 191
489 174
545 319
188 86
397 535
246 310
537 446
525 239
394 137
2 466
285 518
375 53
71 240
501 287
277 155
214 171
253 398
177 106
118 472
432 285
100 386
37 408
33 349
428 165
395 360
61 255
534 157
237 383
313 9
322 257
370 317
247 400
399 540
379 110
56 89
103 239
100 520
79 122
220 19
dao-map/hrt000d.map
42507 85585
82321 76852
20069 77172
85582 65049
64172 72986
60852 106242
35262 86706
37219 104532
36817 18676
21206 69322
19199 20997
11502 93242
9954 98066
33793 5258
73350 60034
38922 80761
68414 65346
64608 71863
5448 31079
81369 55826
34349 54055
51735 69308
101667 105773
91293 10348
64113 59396
84083 43608
21736 104381
105758 43912
62129 17798
4780 65782
38581 93367
92155 100002
56009 20749
50478 84568
46414 21825
13121 43603
62794 26379
62897 95539
18745 87375
35059 7916
dao-map/orz103d.map
28781 21791
24798 9121
3740 30864
8791 34291
34302 28668
5294 2687
1573 7261
32306 35456
24370 36563
4413 26166
5315 9384
25050 31352
24218 25500
26222 30268
22544 38411
11382 40197
27608 30017
28815 13200
18393 38206
39803 9085
2470 20418
23389 9232
18259 36369
29154 12838
36728 15483
23957 15869
29234 20171
17900 21231
2946 4138
22394 18967
27854 24964
39245 24141
16066 39117
24655 26796
35166 36505
25466 38109
22842 4558
18994 34509
8892 35065
22510 9386
dao-map/lgt602d.map
24724 13210
12583 5439
9813 16686
16657 17786
3557 11676
3840 3206
13249 28597
15132 28231
3781 15835
21823 16321
7779 29676
4269 10767
12151 5630
10238 2084
13917 11838
23664 28697
4752 21200
11406 4742
2580 23132
10716 19227
29880 3152
17250 3310
9881 4830
12109 7151
11178 20135
10167 16408
15593 28506
15173 6094
10782 20169
12569 14608
7017 2845
19041 6691
3200 22290
23451 26398
21343 28228
17811 24781
16541 32009
1899 4437
31237 6317
6204 13596
dao-map/rmtst.map
5484 4021
2009 290
1104 3106
4049 2415
2420 4636
779 4585
3306 2542
4951 1483
1892 4046
2066 4743
4372 3681
2087 2906
830 4371
1834 5342
2685 4987
5320 5546
4828 1403
3474 3440
3995 107
764 4202
135 3259
5525 1807
1151 2470
2506 5377
4997 5089
1977 2954
1265 4919
4890 4437
1771 419
3348 3415
2473 14
4243 2032
3864 4277
1607 2779
4527 1311
4368 21
4440 4914
622 122
181 2710
2541 2646
dao-map/orz701d.map
20972 6443
14125 38536
31444 17368
2695 6920
44043 213
3107 40132
27569 38384
11764 26837
81 30294
4407 7737
2706 23259
14174 9346
22272 28582
7446 6047
17090 40290
18513 37786
23556 25523
32246 29260
44062 27876
21772 20136
21750 8151
38533 16623
7178 24851
42139 15451
39833 40238
12725 40368
35004 24303
8314 20107
29343 40394
23074 34926
29672 15053
1479 5073
8256 22557
8874 42125
33748 35816
7128 33847
1766 17873
37392 34821
17479 33805
8450 7060
dao-map/den404d.map
137 331
151 334
310 339
185 177
123 74
34 210
253 226
205 50
152 326
316 42
137 234
147 232
118 101
131 75
345 159
66 66
186 241
214 231
39 339
230 9
47 316
69 261
329 271
105 233
144 315
244 235
208 337
307 258
311 17
73 206
204 41
228 245
83 198
46 340
230 254
132 56
70 283
280 4
130 354
281 239
dao-map/den601d.map
7861 9901
10386 14887
13360 7452
4418 3781
9896 8682
8185 2438
9923 7249
14806 4726
2433 14113
9087 6476
13827 9164
17461 4072
16970 16254
7168 17029
13638 10298
784 17251
18176 11078
8430 6703
12897 12916
5680 1412
7379 3178
15006 6324
3557 5887
9733 14222
3271 15726
10697 12045
16281 4429
3123 8766
11339 17614
17305 10069
7417 3133
7952 7808
7835 4642
15926 4324
8236 16490
8536 15333
10089 1818
2980 12159
7975 14955
7224 7628
dao-map/lak403d.map
4976 15969
11310 22158
14392 16130
6224 23359
23130 6721
851 3940
16330 16946
7357 5738
23398 12480
17617 17332
1513 5769
23016 413
3372 23118
16994 742
4788 2515
3562 12917
21850 3832
14835 5633
19723 17557
1861 20386
4444 5484
8035 22253
15269 19230
11936 10670
18977 1623
21017 14804
18078 12923
21675 9839
12691 8535
8275 16323
10483 15161
2147 15092
16325 17723
15428 12972
17336 22491
128 11604
14557 6882
22707 5708
21 15998
22089 5944
dao-map/lak504d.map
12956 12629
15651 1281
10958 10813
6700 17239
13581 12204
763 16852
10787 15876
16282 10115
17360 16475
1585 17500
12434 8070
9582 1182
15886 3613
4350 11508
3443 14911
4488 16292
1357 1879
5136 2889
12816 14219
8673 673
17244 14784
9363 11029
16106 4518
2549 14644
650 1441
10875 44
13017 10215
753 7153
15744 17161
15129 611
9017 16366
7852 15360
16008 14204
6294 3263
13598 17437
6062 5067
1236 14830
12640 4959
1262 15607
13132 12261
dao-map/den520d.map
4875 3928
22912 10220
22034 27513
5824 23117
1307 14561
9955 7570
17658 19589
15848 12956
379 6209
7402 7201
23319 16782
13434 14248
3945 459
18176 2313
12310 16099
3550 5765
3710 17368
1404 22589
11195 14116
27064 27255
21926 27546
21844 17893
14842 2392
2165 10928
16224 3517
25837 10121
7747 10165
10620 4280
27915 9751
9187 25311
10795 18723
11458 5193
11501 248
26898 17283
8449 18537
20105 24371
22280 25091
4873 19652
26254 25447
13495 4762
dao-map/ost003d.map
11578 1361
7523 268
11628 1831
9214 9444
4126 11747
12833 1254
4392 8663
2656 6426
4010 5747
11505 4856
6615 5994
13185 9374
5340 12104
9594 3610
8857 5980
1521 1060
1763 2356
2844 5714
9543 8726
112 1620
13062 2844
10088 11373
9992 7219
7527 10390
632 3417
6748 10659
3629 8033
10441 3665
10036 6563
8840 10417
12841 9696
7039 115
11991 9399
9097 7778
10706 2345
11788 3716
7620 4702
12131 8061
10741 11801
11863 9305
dao-map/lak200d.map
1392 1358
5951 1586
3268 7240
1655 5455
7053 3477
2368 5657
5421 1975
792 3957
6436 4442
6643 7136
1196 1504
6299 3168
3542 2322
237 7853
6807 131
6726 496
7135 5551
4975 3934
4420 4306
7234 6189
250 1360
1627 1633
3341 5865
858 3491
5286 7901
3520 153
1375 6547
142 1544
5644 1006
1280 8098
1665 1858
7664 3003
8082 4711
2314 1587
1354 49
644 4354
7733 3284
1135 6193
689 5784
1756 5353
dao-map/lak201d.map
11467 332
11326 8013
4633 22
4573 9852
646 7341
12229 4922
12213 10498
5 3672
5269 10555
6198 5720
4787 1230
4917 9619
10436 9429
9833 5047
7283 4304
9934 5492
5541 2489
3915 484
7529 6096
7980 9971
9589 10662
3376 11323
5411 5740
14 10145
1402 2818
242 9944
11169 7173
6430 1797
10317 183
5125 5092
1865 8533
4170 49
8258 894
895 11754
6011 8159
3914 1113
6245 5209
2173 6335
11276 1032
11331 6611
dao-map/den202d.map
179 456
491 160
82 267
403 504
44 17
13 350
569 115
282 300
383 254
198 256
547 212
35 222
406 564
512 260
189 570
94 539
384 492
498 450
391 539
100 155
200 203
171 525
262 536
170 69
351 163
60 159
411 43
255 457
384 76
97 176
143 544
203 77
275 501
309 250
334 489
379 17
113 62
557 256
20 538
339 46
dao-map/brc505d.map
39746 32768
27820 13851
20490 4927
17835 15049
5131 38966
5194 30557
5335 33473
11966 28428
11587 31426
30252 16242
30975 35382
22522 14970
26465 10379
21135 14911
18668 2672
32657 3817
37561 25979
30520 33530
2078 23209
12200 36410
31433 9009
16959 2573
13496 38756
26430 26434
16493 38068
32471 23855
9709 26102
28963 29643
18099 11062
29775 10154
29682 6791
27464 26487
31376 14112
35342 20098
12860 28057
15582 21764
5192 38997
32069 24655
22176 4772
35980 23741
dao-map/ost002d.map
6422 8995
9834 7193
3681 6550
4153 5238
8306 9693
10379 7356
11244 9410
4287 6571
8842 8553
3211 4326
396 10819
10029 4087
9575 6860
8836 4679
7445 7683
7919 9775
7826 4995
9877 378
8323 5823
5852 3051
989 2502
3197 11257
52 2459
6970 8175
1276 6126
1001 10257
1953 3966
10965 3467
807 4859
1776 10747
9897 187
9408 6099
9591 10250
7938 4092
489 3585
1576 11113
6490 2027
76 4628
2601 2866
10592 5199
dao-map/lak515d.map
1275 318
124 771
501 378
1576 1037
332 117
796 1434
1119 247
140 340
1667 1331
1050 881
57 416
362 710
1489 511
1075 1764
1027 1418
1323 1568
1646 500
1401 256
1523 1385
1109 1420
371 405
1125 501
1500 481
1547 288
947 1731
1511 93
1539 1530
1056 1089
1722 1509
1254 7
1047 249
1359 1758
1493 803
995 1083
593 71
1629 1625
1328 804
1416 153
1201 448
1350 1398
dao-map/brc300d.map
1253 3021
2 3134
2491 1890
2165 3474
5184 2937
4767 2601
4810 2596
3309 3245
833 3279
2358 753
1744 325
14 160
4572 1409
3773 2423
4531 4324
4675 2768
4631 4735
1683 3068
2137 5021
3709 2460
3584 179
2976 3742
1647 2360
2778 2769
991 204
891 4768
2428 1218
1561 3138
4652 2181
4547 1356
188 2706
3036 2241
2225 405
2771 2989
4241 2382
2511 2849
1961 4549
373 4433
4484 3593
1797 101
dao-map/lak302d.map
1692 6245
2693 9555
10060 3685
6800 10029
13177 11340
8139 14495
3929 1690
9326 5102
11085 10169
5736 10952
3060 4417
5518 2556
7068 14993
4536 6185
8849 9783
11098 11849
403 1752
7044 7337
4181 11077
11629 1228
12794 14536
7726 1805
11971 7102
3102 9832
9931 14873
1543 7761
1577 11136
3182 1132
9210 14092
9451 5456
6316 4792
8151 13484
3036 12247
11615 10041
3599 12664
2086 13300
5038 4205
1888 2923
6256 14763
1604 3684
dao-map/den200n.map
2802 15260
2850 15503
4305 699
3765 5746
2025 4395
14533 14944
4346 7280
11195 8247
9922 4645
7936 2681
14267 14081
2702 15553
7582 7057
9667 5356
1593 5928
6367 2178
9820 9024
11048 13268
13917 14184
15921 2703
4016 14111
7577 5930
2107 15449
12806 6229
13661 3051
5843 6271
8602 3056
3143 14014
15800 12571
6139 2399
7320 9873
12636 8517
15254 10357
4470 4722
5589 7592
7215 3307
14236 6947
2256 5611
15728 2015
7446 13382
dao-map/orz102d.map
525 222
143 622
618 141
597 732
632 551
481 249
281 301
89 420
28 108
620 40
695 393
704 180
404 473
303 567
410 186
364 146
301 65
216 226
631 725
519 129
388 184
567 122
473 112
674 124
148 154
542 639
665 180
449 461
17 177
213 269
86 588
14 614
415 54
321 495
208 408
256 174
107 586
582 171
599 53
112 11
dao-map/den203d.map
1554 1582
1842 470
1165 1855
772 2575
1 1026
1597 2358
2248 1510
1761 1922
1863 124
2503 365
1564 132
1915 533
2249 84
124 2245
1912 2281
983 207
1032 2395
362 516
2552 1538
1448 875
116 215
152 715
2091 816
1685 2254
1293 1286
309 1781
1921 1407
1369 206
1536 1423
1252 430
2352 1746
161 1454
2535 1365
1234 1367
972 2135
1034 2568
432 909
1297 111
2294 775
800 1665
dao-map/lak514d.map
3073 1727
11808 13871
13818 10052
15478 10833
17369 16238
8581 9071
1720 3010
15569 11405
4665 5560
9546 10185
18955 17453
15135 12807
184 1429
15630 12907
429 4768
11952 8820
14029 13162
367 3731
796 2319
20461 17193
6403 6671
4042 4287
20456 16709
10341 11486
21308 19568
13090 12835
4512 2562
5661 5989
21209 20672
19454 20520
7839 10574
1358 4652
2749 3474
16441 19536
18902 17121
11426 11656
6515 6827
12456 14911
8321 8200
18570 18321
dao-map/den005d.map
14817 11022
2924 2930
16822 6074
8783 5421
11031 12938
6739 3597
363 1666
8943 10596
15483 8885
4880 5224
7418 15072
12591 6580
7837 2872
8135 3442
1032 14583
11490 5019
2553 5837
9412 13370
4469 13289
9204 13720
1429 11002
1871 11539
11310 1586
7369 2839
2023 4500
17325 12663
15005 12900
8545 7154
2575 5336
4231 732
1850 9917
8902 13868
14295 2633
14056 6330
10400 6673
14583 8627
6772 12111
16669 10155
6926 9814
4277 13559
dao-map/ost000a.map
111823 62831
20781 60270
128837 89651
62927 26760
81716 89397
48701 60786
107002 98160
76283 91924
105426 41107
106461 82111
18516 128556
23516 37807
94553 12284
46906 91254
7127 123164
43537 35727
93261 71068
23582 100875
12441 86095
99107 58162
72834 85568
108808 50531
15117 93181
84266 114408
36336 23088
116290 103730
28818 36102
48404 73886
105035 63574
89819 11467
55820 77868
66684 23831
7240 39915
12485 41186
45522 91146
38599 9034
77235 53686
110059 40641
109718 63789
111410 11815
dao-map/orz107d.map
496 18
93 350
200 507
491 625
449 63
418 425
196 192
138 351
41 540
142 305
520 409
262 431
100 103
420 444
399 251
265 594
53 230
352 393
260 547
152 388
289 542
274 364
147 46
552 31
506 521
415 359
492 553
248 124
234 250
447 491
99 253
57 568
317 193
129 482
59 393
154 212
200 78
607 38
599 392
178 244
dao-map/orz303d.map
17598 8917
2719 16768
8811 11593
17833 20752
8571 3636
9117 20501
3067 6300
104 19504
8730 1685
18919 13138
19601 12288
3253 6258
20441 6853
14120 13450
8074 17100
6184 18256
1200 11398
12142 17693
13056 9888
19108 6038
7569 6999
19067 17261
16275 7097
5956 10429
13152 15047
5533 9985
6787 19320
15140 4585
10054 16298
57 15434
9530 3567
7523 17454
1715 4571
17142 8487
20126 3169
20762 21709
12098 14795
18468 14493
9 10522
4459 2783
dao-map/lak304d.map
11782 7205
7327 10542
11493 16157
6117 11399
10485 3353
8960 13567
1350 15237
2312 7792
4579 11669
17155 14869
6382 7682
17437 9091
32 4502
17607 12163
8563 14476
3153 2963
390 745
5193 14808
15099 3641
612 4488
6006 11002
1681 10970
3354 2559
8125 1076
7035 13893
8317 14876
3585 5760
6700 14862
6128 10749
6964 9357
4569 12056
16959 2333
7919 9495
2401 9150
16087 14556
4414 14040
535 5608
6325 2739
17751 16252
2007 16047
dao-map/brc502d.map
1852 2257
1163 1254
1923 5376
5346 4355
110 4051
3045 1331
946 1683
4498 3602
2795 4490
4984 1757
5644 5047
5797 942
899 3372
4908 2811
5714 3477
2238 1466
2112 3367
1265 548
4957 1664
3990 2241
603 4957
1301 1003
4039 4403
2537 5413
3864 3976
2315 2842
1188 5300
2677 398
5046 1395
3666 5522
5866 258
1303 1907
4305 611
1631 467
349 5483
459 3207
1369 4725
3677 1849
5825 5262
5544 741
dao-map/lak404d.map
1323 13008
10046 11922
3950 13752
10050 12541
11365 9316
9381 12739
9828 6750
4727 5758
9871 1788
2128 2912
468 10143
5849 9096
526 9824
5866 3279
8328 6132
12009 12530
11069 1048
3802 6926
4573 7619
1141 12666
6362 13194
10739 4127
11352 7320
178 1848
7718 13062
135 3381
7589 8374
10330 9713
1967 12947
1888 1091
362 3458
10664 11111
3292 10500
9146 4068
6624 13237
5482 8842
7710 8008
4500 10318
1383 4915
2342 10988
dao-map/orz200d.map
1348 1939
3909 2228
4514 4815
3593 4050
2662 301
4116 842
597 599
2024 150
4696 3605
715 2705
4380 4708
2431 937
995 3388
1473 4576
2156 3147
1351 4606
3403 1402
4430 3203
3673 1573
2001 2428
4600 2946
4544 3390
1911 1915
4485 2860
4506 21
690 1712
4317 416
1163 1361
4741 1993
3711 1179
3956 1255
1102 2160
2728 13
1738 2063
1713 3891
3456 3466
4227 2687
2125 3413
635 62
3633 829
dao-map/hrt201n.map
18341 2101
23173 14985
19324 14609
15474 8819
4696 3250
581 20318
7903 21910
8011 10222
4459 14017
7550 16634
21539 23359
8106 3987
16836 18449
4150 18302
17019 4326
2364 1885
1890 2282
12998 15720
10012 731
11241 15762
4379 3965
21433 14532
20198 6746
11975 12479
18127 5418
4556 16317
8686 18923
1021 22388
5873 8726
3501 6605
8310 12337
1666 11658
22547 17550
20624 19505
16051 23637
20018 15952
20548 8024
7852 12201
22633 16393
13833 20506
dao-map/lak519d.map
6581 10323
10281 9428
9821 6085
14057 15075
11668 1563
5371 13699
9907 9644
12304 4293
4619 532
12957 11275
7099 3590
7321 15080
12943 15432
9558 15488
10077 9500
9443 2956
3841 8976
1544 7130
483 2751
2395 10550
1478 8610
13031 12204
9927 8107
7906 14118
10950 14704
965 14529
5676 1207
14177 6775
2621 11583
520 65
7901 1679
3335 5113
4378 10
14833 844
6673 12295
10948 14231
6495 10666
12279 3555
7485 10558
3310 14118
dao-map/oth999d.map
780 66
967 1526
204 1349
785 1166
609 405
1481 1120
493 206
531 461
697 574
187 811
866 1309
495 738
1132 589
978 1536
1411 876
919 1247
172 785
1223 474
1493 728
525 318
1434 1117
1521 301
1055 775
483 699
1375 494
1308 1233
875 1553
609 378
558 836
864 866
936 74
41 778
731 617
1012 1016
1398 1269
129 344
1280 1487
1443 304
401 1259
947 1159
dao-map/den201d.map
530 362
343 135
491 144
65 53
156 74
217 147
195 24
332 461
364 131
72 24
178 421
126 527
353 489
188 175
466 363
7 396
239 83
181 416
513 357
219 524
518 149
110 373
478 347
62 434
148 248
298 238
291 124
336 236
0 101
124 508
452 428
451 246
127 93
529 316
504 302
431 5
370 337
91 189
333 323
498 196
dao-map/lak512d.map
9523 10506
269 16007
4536 17983
24754 17859
22235 10731
17824 21876
10515 9024
15685 28183
22094 12543
13325 29380
11277 9665
21759 1472
6473 15231
11299 16019
8273 3101
24544 22050
8354 28347
6496 1735
17240 27325
24491 10657
15786 18382
14702 1523
27562 373
24294 13740
27380 26057
568 24336
7618 5072
15973 19045
15597 17836
28724 12079
27447 22778
13689 25759
11450 11572
11041 20372
22526 396
23009 2182
12981 19631
20663 13941
16423 21479
3307 24268
dao-map/hrt002d.map
226 460
183 326
477 324
269 571
534 487
337 213
712 675
647 502
538 339
539 617
64 227
545 288
638 204
346 225
42 162
638 305
532 327
58 238
157 52
469 141
353 269
64 425
11 294
583 683
254 675
396 587
700 382
734 693
466 148
294 424
308 227
389 367
485 260
554 285
21 236
621 436
181 501
522 655
360 225
319 721
dao-map/lak103d.map
791 512
463 799
620 381
20 593
658 318
12 107
203 311
623 659
300 422
858 621
647 857
61 824
478 749
626 126
746 12
578 24
852 313
394 512
800 579
92 327
124 689
81 534
562 225
139 572
827 790
90 685
715 346
68 192
88 110
145 563
618 206
86 488
281 165
269 252
67 648
53 658
768 10
835 570
39 371
406 808
dao-map/den009d.map
118 850
235 692
119 280
949 942
783 870
359 210
712 708
779 627
477 87
772 592
852 314
468 902
153 823
358 167
760 849
873 837
796 595
693 201
702 285
615 551
421 928
628 671
380 721
333 587
81 734
592 103
666 390
492 419
807 217
219 463
5 902
969 726
312 878
884 739
11 188
857 827
596 44
710 132
85 523
921 913
dao-map/den405d.map
74 61
355 880
291 775
450 25
743 14
469 140
442 120
782 367
287 375
693 891
853 606
340 884
188 127
126 685
882 407
921 569
399 504
419 864
648 187
209 579
396 22
915 469
825 52
22 897
458 797
859 146
498 829
186 879
457 332
456 568
768 671
711 828
409 113
810 192
648 95
70 441
424 614
310 184
872 820
148 894
dao-map/brc999d.map
10876 11510
8104 4994
5211 358
9006 9218
8412 7160
6750 1766
8796 2274
3290 2828
962 3136
13 1954
9333 11645
2344 9052
11274 4651
9295 3628
12449 4381
584 260
3829 3263
7638 6331
9774 9420
5607 1980
11341 2816
2347 12218
1201 8868
2833 4990
7283 7096
6601 5731
7533 3975
1517 8753
2901 979
11436 7888
10877 11067
5181 10015
7552 4363
2925 12805
772 10334
10510 11693
6266 7411
4936 8055
10920 3549
8705 7103
dao-map/oth001d.map
11842 13219
11462 9754
7345 3890
13447 13572
4932 4322
10851 9096
9088 9683
8129 5961
8970 10421
5906 4010
3791 3833
3554 4810
10809 9953
5303 7169
13437 13540
6090 3987
4447 5841
7365 3839
11490 13163
5827 5507
4365 4324
4366 6124
13424 12345
4457 6894
1307 863
12570 12022
8958 11132
13690 13452
9274 10817
5556 4188
6053 5793
11415 10024
805 911
8861 13125
11544 9130
1317 3015
8272 10197
7924 8520
1931 3079
3856 3588
dao-map/lak507d.map
2417 1500
1269 622
3437 2180
1611 928
2184 3463
3096 2253
1305 3687
911 149
969 3617
1774 1586
332 2521
2755 910
616 489
2240 201
300 3570
1778 4130
3775 1338
2890 3998
1855 1646
1286 1140
1197 1130
2793 4309
4158 799
3830 595
903 1287
3911 4233
4205 433
4297 3986
3595 3504
1905 3759
4161 4194
3375 2540
3996 2516
1001 1294
49 2694
813 576
2682 1421
4009 627
912 3597
436 3699
dao-map/lak203d.map
2948 2753
1488 2750
700 635
1074 743
2355 1895
2032 2207
2203 2683
1784 2905
1236 2242
2274 2789
2950 2875
1534 1384
1445 1347
412 742
1478 2985
864 25
1026 304
2713 2548
2421 1140
2098 1764
100 1081
1187 1412
2381 3084
1363 2568
2880 1371
1430 1484
610 906
1873 3019
242 604
2216 2988
2383 2715
2695 3229
2960 2733
1838 2855
2203 2787
2800 1361
1123 1630
2413 1564
1282 1755
2490 1896
dao-map/brc000d.map
21818 15839
1534 6475
24752 4312
11069 5301
13764 20939
20997 16522
20512 23758
11467 21226
4342 12594
2961 1155
16015 15798
28743 10345
7608 25114
10705 9843
4538 7038
2195 18849
19383 1616
12030 24794
17463 6774
8983 4440
27069 26877
2243 5883
6796 18831
21771 18812
20733 22947
23783 26431
27237 27306
11436 16933
1986 25325
5465 7397
9898 22431
17556 7510
16837 13614
2665 18357
11237 3536
17369 24087
21864 14945
17338 10075
1554 4335
6765 15179
dao-map/oth000d.map
8022 1971
4686 9975
7194 1439
1361 13580
16976 9185
9385 7339
16965 16100
10237 13776
13509 12242
10281 3467
9782 14694
10929 16550
11655 3097
10019 1775
13298 5623
11187 16432
2512 13738
9369 12891
5182 12728
6125 1758
1475 10783
13391 16701
14558 16448
15266 15622
2755 3844
4939 8161
1939 12182
10445 9627
4055 17323
1647 15458
13244 6028
2843 10468
15490 8041
6120 16352
13864 3801
14435 7566
15042 6531
12983 14344
14868 10143
9225 12425
dao-map/lgt601d.map
19865 11411
24250 1517
9682 5810
24769 20062
9067 15955
5955 23702
14715 7520
6356 22022
9358 1261
23889 1396
9484 15559
1287 18557
387 16708
13932 22238
12351 25127
3999 5784
12176 11139
4951 1026
7415 22010
12587 6785
11076 9860
23547 26676
24208 7676
15727 19431
18830 1651
4063 4887
2809 95
6710 24719
14525 22044
11486 5281
3441 15698
20442 15738
7177 24659
2151 1389
16140 18160
9398 2385
15087 1017
27027 27165
18551 9175
14114 10868
dao-map/orz304d.map
2514 242
3285 4852
1145 659
3603 669
2787 3320
4997 4113
2053 4904
5021 1655
3153 3065
1498 706
1535 3888
4488 4739
4343 1814
4643 932
4962 1017
5256 2181
1149 3436
187 3496
702 2237
4095 4979
2050 3561
1350 3489
3002 21
5024 2237
276 78
3337 2099
5304 4091
2356 1977
4951 3873
3194 501
4574 3202
3018 420
3487 3222
671 1118
3250 284
153 278
5287 3691
3768 4088
791 3932
4628 4188
dao-map/den101d.map
1288 425
1032 1113
1159 495
37 654
538 1338
817 844
1113 1015
500 937
1273 885
1014 762
354 855
75 521
584 334
1081 384
651 77
1141 1242
309 274
63 1162
980 861
956 1330
1239 172
420 932
960 984
392 1301
837 120
41 395
878 506
714 1128
1025 972
445 593
1051 295
811 381
665 952
119 1358
86 737
770 981
1011 846
371 1318
1130 520
336 577
dao-map/lak100n.map
10313 20783
17317 24229
32236 12161
17860 19200
27883 26822
2149 4477
17475 25733
11020 12660
32084 18508
12000 13350
10428 5684
7501 19793
31034 11810
7012 21039
22184 6445
11667 28645
17530 1565
2185 21240
3683 21615
6615 7556
3934 20122
26588 2299
7936 12547
1154 2893
23571 10533
26656 31659
14208 7827
21092 32924
2024 4064
18349 11577
12060 7559
26668 26641
11972 1019
13691 15497
10238 25123
17454 29775
30307 8393
27028 2032
4330 732
18184 21258
dao-map/arena.map
2013 535
215 85
492 1980
815 1703
243 1634
1571 708
368 934
2050 1443
1629 2024
574 1604
501 805
558 1204
408 1557
946 1890
394 1878
1520 42
1239 700
56 945
284 945
1299 681
510 179
932 967
979 1725
1311 2040
1555 1085
1105 704
534 117
988 844
223 1389
1851 936
191 1053
1492 475
1578 1180
534 1334
369 17
189 921
616 719
269 618
1235 1475
65 505
dao-map/lgt600d.map
18655 8192
3113 5255
13634 15239
17867 18366
16552 6247
8823 700
8532 8866
4300 6575
9227 3692
4258 16067
16267 3094
4696 6873
16778 2519
5506 1956
7714 1099
16564 17969
16197 17362
17626 12267
17667 6775
10154 16473
5991 3009
6007 7402
18450 13809
6352 1390
17144 11634
16168 15562
2420 6323
4445 13363
4076 15603
15953 11169
11645 510
13172 6968
1945 10816
10117 12084
16903 12654
4252 14315
12465 4078
14265 14406
1736 14113
15085 696
dao-map/orz601d.map
958 437
1677 1342
1145 539
1131 808
676 1783
628 1307
1230 147
395 38
729 156
1229 442
514 1556
1080 443
530 1716
672 482
166 802
1839 578
624 690
115 1194
416 1329
575 1552
184 1177
1832 229
950 196
631 100
1661 1752
1481 1721
389 155
20 1502
506 1768
1507 146
1702 1398
847 971
1796 1594
1703 489
619 259
600 227
1276 1635
910 1606
106 1309
1748 1814
dao-map/orz703d.map
59818 73403
34839 13949
35997 61703
26865 23793
2442 26492
8581 61967
54896 8604
12540 12875
69731 31500
4362 11158
28580 11610
3756 55613
5196 44112
50247 62753
65604 18847
4684 47923
72096 60598
26019 50996
9572 11002
23774 7839
48486 62175
49104 26914
38373 62876
13455 13552
35648 10888
18037 571
11462 32174
1824 11067
18678 9782
51919 51854
58035 71671
68310 7722
53399 42917
25689 1184
58284 52448
39342 13838
63837 28167
34622 56496
42931 73000
16828 51231
dao-map/den901d.map
282 4644
6104 2084
1655 2789
4591 3147
4937 7787
3520 6489
3268 5775
1833 8028
724 5611
7429 3029
487 7416
4322 3483
4596 5264
423 8141
7888 988
4463 7437
3888 3388
7134 6859
2813 2462
7390 7172
1239 1686
1996 7481
1662 1400
5850 3683
4177 5998
741 4551
1931 5447
496 4613
1877 1450
7230 184
4339 6700
1580 1006
6800 1600
2575 4961
700 2159
7302 2264
1709 641
8137 4745
5685 2336
6124 7423
dao-map/lak511d.map
27108 25847
13949 16439
17400 19544
21877 17866
21255 23092
1287 9659
10954 10565
9561 5888
27697 19285
24015 23301
15469 23495
25056 16032
10867 1871
4613 2051
27357 15525
13714 21739
18492 23882
23639 27172
7411 10729
14487 14154
12674 17450
13111 21611
12592 26469
14564 26540
23371 17526
7170 754
15155 24931
26719 14227
8060 3398
18989 18056
3463 9897
13658 13446
2845 7021
26782 12866
937 10104
15297 17221
6487 11583
22104 24457
10258 9083
3299 11397
dao-map/den001d.map
2633 1390
4150 3244
7517 8026
6209 2615
8348 631
6081 2546
4142 687
5393 7110
3418 7345
199 2497
4860 3102
1827 537
8455 1237
6799 235
992 7717
5589 4347
340 3801
5942 6512
4781 6766
7208 4686
6149 8858
8184 3651
6309 7664
1556 2142
1170 3154
6668 2171
6322 2088
3091 2477
5831 2373
7486 2909
3645 8518
2146 2143
2547 4500
7243 2428
8846 5728
5098 6016
8445 7147
2892 3313
2612 3293
6990 5674
dao-map/lak513d.map
15341 9685
611 1416
1298 22758
35557 37089
36351 35321
2028 16899
12738 18009
39530 29814
34738 32150
18458 10331
33016 33304
1935 6043
30371 33289
22370 21103
21253 16627
28031 33987
20046 22562
28880 27338
32818 36331
17643 17751
30394 34300
19986 14250
33508 39014
14886 17932
34475 31770
12627 14548
4885 19574
36129 32530
15449 15603
21415 5238
18999 11586
8347 21058
19327 16298
17763 21707
33092 34907
14556 7367
12885 4967
40925 41280
20541 20606
21804 9514
dao-map/isound1.map
1556 1185
2711 264
515 2129
2048 2077
1940 1747
2006 1495
1814 1274
323 2198
1915 2585
2088 2355
1899 647
1213 1599
1370 1706
1686 175
31 1239
2667 81
170 2212
2846 1147
621 1932
513 2208
722 1490
762 1136
2952 1574
833 519
2859 1436
1358 865
1144 826
120 1917
1721 1335
2042 1695
1510 507
1994 2357
888 391
2470 2917
779 2895
1819 2562
2166 941
2779 1999
809 1074
2485 836
dao-map/den500d.map
23285 4613
16352 5466
13678 7480
7177 25973
11269 21140
5368 7421
22416 2818
24616 28575
24020 15337
17969 5215
29636 12907
2874 2456
16926 25486
15004 28214
12654 1710
6236 2856
10100 24139
13631 14400
26466 22139
14509 27762
18135 24877
24764 21205
4067 13963
14916 8751
12323 8223
11634 3341
23718 24496
26154 20091
17180 15530
21780 7370
11966 26420
29133 3223
19866 17288
27546 18917
16704 5462
28987 18861
23726 9743
602 16527
12357 15789
7707 29312
dao-map/lak505d.map
20055 5236
943 15166
2756 17288
19848 19016
2976 14671
15289 14650
14651 4252
19627 14678
14639 1877
16831 8551
7555 16795
14453 18333
12694 3731
5364 4031
16247 7251
3491 3491
6208 14063
5618 10194
13224 4279
7849 10230
6900 529
7877 1674
20026 6757
16066 982
9091 15335
7450 18271
5422 10275
10667 6865
18696 12613
17716 2104
17452 17869
11196 15053
6027 3386
9812 15195
16256 503
15703 7601
5718 5774
534 4755
6080 891
5926 16063
dao-map/lak250d.map
968 1887
2292 749
4856 6854
4119 4048
853 1213
196 1727
865 2025
3822 3367
3744 2977
897 2335
4173 5678
894 2129
1704 2099
924 1290
2595 2460
2076 614
1140 2574
439 2079
3970 4061
1813 1621
1296 1352
5890 6012
1041 1911
1859 1212
296 1390
2898 2422
4675 4988
5077 3478
5167 6046
4337 6002
2263 1190
3978 5070
5676 5747
5699 5683
6661 5218
4226 5370
2911 2925
4075 6061
6740 4555
1711 1127
dao-map/combat2.map
12345 26783
97 28569
586 18559
26910 12889
27984 29317
15410 30960
900 31091
8700 11022
19417 14943
16154 6955
12271 26740
28631 6208
2770 28176
21350 13031
20471 22751
27075 10716
5051 3475
18513 19407
4031 32839
12584 15805
3761 8439
1539 19153
9932 1598
32625 21881
17071 19003
24814 7809
28575 3536
1568 16911
27372 26560
31392 1282
26206 25332
4399 25085
15793 22624
15599 14731
21707 32900
22344 8754
27941 28322
2957 30946
4480 4922
16458 7727
dao-map/den200d.map
11523 4073
10612 2718
9236 14648
2819 6056
13241 11197
2916 14791
14803 15513
8031 9023
10536 5336
2496 10367
6233 7294
10191 950
5515 4303
8966 2585
12956 15622
14084 2049
10605 3930
6654 9706
7943 1556
4832 676
2875 7758
14821 5673
13208 4637
34 549
3607 484
5849 13564
8356 12421
10377 9890
1788 15085
15761 334
10103 4417
121 5385
12944 895
6157 13150
11098 11854
4132 13545
13658 14250
15314 12493
9928 12885
13807 11380
dao-map/den998d.map
85 1032
1328 476
279 1508
1601 1285
884 508
1621 13
141 423
554 1006
453 1534
387 1487
512 1323
606 390
1636 587
601 295
1328 947
122 1628
270 1790
950 1117
502 583
763 1208
1736 98
287 966
1132 504
1261 71
1371 573
997 1566
1536 1179
1340 649
1842 1239
1365 1317
1314 276
714 1761
526 1709
1289 1721
947 817
828 1418
718 1513
1492 292
1032 1235
1712 1582
dao-map/lak102d.map
136 389
81 362
185 116
365 57
300 488
369 54
162 502
423 204
324 350
110 43
172 298
366 431
415 256
9 515
435 320
353 83
329 159
448 311
378 363
385 5
14 57
119 210
330 418
213 430
484 226
215 486
159 15
39 68
42 318
302 449
50 205
317 281
235 182
452 295
483 130
11 383
369 388
60 421
282 283
104 444
dao-map/den602d.map
2862 24752
10341 32133
2499 18251
8454 20164
15098 19534
6951 6256
32318 20857
16132 22606
20780 5972
12588 4693
26426 33458
1970 31667
4345 31644
32988 6342
19754 15603
15327 33966
26586 4230
9976 15364
10072 24020
33416 28170
2844 31390
1698 11056
6204 15330
6982 21252
8429 33465
12846 16775
11623 7475
2652 15162
27519 14776
15016 3854
13180 21071
1168 378
18099 5033
15688 27327
21358 6250
13845 843
12853 28786
14693 28619
16027 14962
6927 11052
dao-map/orz900d.map
13460 91457
87218 44178
86326 30717
76313 73731
87103 89348
19604 77150
46112 57098
36102 61782
616 72804
53207 62863
87184 45586
7046 95061
58549 81855
4468 16361
19772 92281
36997 88583
25280 12898
72546 36373
11794 63923
37694 77237
11185 82929
68830 7274
20444 20208
61022 83078
81355 4526
3898 67368
5273 46219
71582 82828
57449 33957
11440 89506
15690 85612
9594 66422
53692 31185
33284 83123
30829 8283
74468 31916
23945 49440
42105 756
35687 27316
48844 80751
dao-map/lak503d.map
6407 11251
6527 14146
13064 14586
7881 12784
3845 5200
11580 14836
11286 13152
15449 9097
5957 1289
16961 9423
17406 11611
660 12583
12018 13300
7549 10879
17293 17104
2341 15759
15026 8144
5493 14731
14746 11810
11279 14855
2894 5241
2944 3895
3019 16167
8778 13749
2741 14862
1432 3251
11409 572
10816 978
8394 5288
14672 6919
10058 7061
5448 8569
12330 8888
12171 8899
15958 11971
16595 14410
15354 13256
11186 16429
8441 1957
6849 14936
dao-map/ost101d.map
1816 2174
1039 1196
1516 319
2575 1922
1262 1802
1985 3048
1791 1938
2341 478
1716 1749
905 882
1827 1750
2135 3029
1207 2979
99 3003
1378 2305
1275 546
216 1793
3288 2576
2440 3364
577 2945
1602 1170
3008 505
2221 37
2039 2350
1239 2349
2313 3253
2602 1757
2335 1560
3040 576
3308 3332
238 1736
1681 18
594 1991
0 3025
2639 513
2448 1374
1807 961
2525 714
1151 1863
2108 1393
dao-map/den012d.map
18209 20924
9655 12994
11322 18634
14614 6692
13576 20170
13576 15300
10138 185
22434 18861
14967 3434
4858 13600
16041 11960
21165 6692
13385 12620
12637 18649
8141 18657
8599 2548
15052 18400
17931 3220
16750 652
15153 7967
7528 1589
17788 131
1932 9712
14272 9959
4178 5754
14891 4638
12002 4944
13533 3669
10703 5963
19919 12167
1979 1459
5158 18231
7028 18570
19329 9792
17989 21979
20029 18660
10234 14684
1401 1197
18400 20092
18052 6687
dao-map/brc203d.map
13180 1833
16254 15619
17359 15194
12234 14583
1082 9303
5623 1863
15624 20654
20200 15720
13906 14946
20506 5833
16702 6102
19465 13789
16493 17254
16144 1827
15470 1138
17059 5177
10756 8453
4389 12204
13535 1235
1395 10113
13779 15269
4454 993
1236 643
5477 2997
14443 189
9917 5003
5845 16895
15267 20544
829 10600
16993 13213
6564 20354
19026 4053
7218 10924
12931 19164
16064 8854
17406 16756
10379 18191
10494 12348
5965 14224
17798 16527
dao-map/ost100d.map
86479 25617
121503 16799
36111 11243
53818 111240
91850 113450
30544 19753
114082 15225
31197 84225
125156 89590
111507 134873
39906 80300
33120 55081
33066 71519
103637 78596
38626 95655
128238 121779
58953 81009
100783 118603
74426 131932
19829 7748
32781 40856
91377 84122
64679 28163
133026 60899
794 105115
11612 32150
30299 133196
14290 120994
8065 106244
82619 6846
102559 80697
15799 112556
47623 62620
123174 117183
63998 124163
118331 96086
31303 115294
38591 78190
77448 14876
66782 51911
dao-map/lak104d.map
745 306
251 296
477 357
157 666
538 212
523 466
350 591
320 177
400 601
92 657
587 683
445 309
604 676
50 702
743 600
475 808
44 726
809 472
188 325
169 842
62 185
194 336
381 133
515 90
317 498
509 429
0 358
439 831
339 695
444 149
263 220
6 272
297 84
105 815
705 446
551 654
387 846
698 699
628 160
604 339
dao-map/orz106d.map
259 219
85 7
188 306
13 15
155 90
39 5
5 166
138 67
144 251
36 163
197 210
257 14
191 1
250 107
243 187
278 1
292 323
271 115
202 46
166 297
178 240
204 120
49 301
131 264
258 77
111 163
236 263
176 103
30 81
106 91
260 237
191 100
288 66
69 257
76 259
166 31
95 226
248 46
222 47
331 192
dao-map/brc202d.map
32006 23441
2627 36751
32670 19182
30650 34428
2734 29096
5308 16099
32244 28591
10474 8924
14630 16392
23086 6846
38920 20977
35553 19244
36630 18769
36396 30984
16535 12263
19144 41404
23586 24711
22323 19567
42576 13683
38987 40259
15078 6445
7604 28646
1895 23341
18656 25803
33093 25910
1460 16385
31396 24727
31152 34072
39338 37608
13602 37027
10390 41361
17512 39581
7017 9223
38859 9833
5079 11153
38964 17320
13362 2812
11984 9602
9316 17561
37909 29912
dao-map/lak400d.map
27036 24366
36042 32915
5100 39996
7356 84
22140 38251
591 13369
15503 22230
12894 32521
12428 6269
36899 16344
18581 13236
1789 22784
2360 11468
15374 1693
19183 28021
9374 1829
21556 8123
10136 212
16624 2955
29996 38077
36582 3276
15744 13272
5801 34303
28471 28636
30399 17639
21570 14806
22339 8987
16170 9716
26640 7347
21601 28426
32992 24118
21287 31750
13568 28163
17548 1724
11436 33675
10712 16542
11818 20869
27514 10157
16909 35230
17638 6429
dao-map/rmtst03.map
3030 4792
3701 1530
5559 3998
5272 2598
3288 2153
3685 2917
2113 963
3097 762
283 645
2992 1011
5162 5150
85 3429
590 1853
2328 4696
3096 1596
1204 4609
5106 2920
2831 878
4480 5613
3736 853
704 3473
4446 604
5114 3532
5414 5356
4103 1321
1847 1210
3970 4691
315 1864
570 547
1698 4205
4118 59
2740 4841
1168 3013
2974 19
4972 4638
4489 2878
3516 4381
915 1857
2845 4003
272 2097
dao-map/ost001d.map
8763 7146
6086 8023
4657 1794
8403 7652
4700 4802
3704 10539
5259 4547
3121 7322
7024 5172
65 207
9995 275
6156 6748
3946 8969
6985 9886
6194 928
1870 8424
1196 9007
2389 922
3175 9016
247 1615
6681 9550
5382 7787
2351 9190
7659 10380
6792 4274
5860 122
7901 2078
2943 3667
6871 3291
3075 10536
1378 2485
6628 2993
10322 4852
4757 677
9249 1016
3621 2817
6076 5500
7776 2023
6973 8312
2309 842
dao-map/rmtst01.map
5306 4444
4415 211
1430 3163
3058 4400
4866 2141
5036 5193
2373 4554
4223 3257
1527 5598
51 3908
3095 2086
4331 5046
5033 3910
2430 4392
5284 1154
316 3616
1450 1227
4152 2100
1996 4655
3663 1531
1886 27
3300 970
3677 5620
2888 1173
4808 3713
4673 2564
797 4743
2772 1895
3988 5428
1099 2034
2117 19
3622 3670
1557 242
3965 586
669 4233
4178 3040
3305 2846
1413 3775
3623 4898
5298 5347
dao-map/brc997d.map
4213 15426
10557 17156
3035 10361
2747 1163
5381 22440
16165 6214
14894 11433
301 18865
12690 2063
3300 3573
14765 20374
17117 10799
20714 9338
11085 2525
17416 22163
17672 9387
21717 1953
17268 17797
11188 22996
21331 1715
2396 20580
1605 13915
10113 3863
22048 19
18672 10931
17818 3096
15078 22697
1604 19736
4505 18641
13548 16387
1347 11903
22632 17158
20115 10522
16078 15159
21137 16206
3849 9754
18188 14059
10514 3561
21130 21214
8130 12591
dao-map/orz201d.map
324 568
528 110
477 415
691 135
0 704
38 74
240 232
108 108
197 253
168 328
14 181
100 39
517 236
248 660
216 295
270 682
328 453
148 237
708 388
320 300
604 533
17 598
298 725
404 201
547 558
174 276
34 120
299 63
376 557
384 659
133 298
31 433
70 7
469 376
377 205
70 229
490 303
212 436
457 224
52 301
dao-map/lak106d.map
1575 1569
1344 229
596 1128
515 1800
588 1548
521 168
905 1256
1105 112
1084 1658
1170 1564
848 640
1070 1782
486 56
1666 455
1596 730
1554 528
674 1692
174 1726
758 1668
98 1397
439 1408
1106 909
838 1220
1711 1519
1328 895
531 373
805 1615
1037 1213
1105 822
1848 108
743 1093
1403 1648
1740 230
1449 73
213 1643
439 1152
83 44
39 113
1875 1127
493 1074
dao-map/den403d.map
608 1713
1413 1255
760 1265
555 1678
1359 545
1484 966
1871 1716
1039 131
450 244
1733 990
1571 1790
1566 1864
1540 937
650 871
833 1988
1839 1945
549 1064
400 1028
1012 220
1580 332
1296 955
795 176
1023 1267
84 702
941 789
818 1191
199 1983
1653 1247
428 281
512 1730
609 1866
1982 814
777 5
1636 1374
660 1434
1967 1025
1543 515
73 684
454 643
330 435
dao-map/den501d.map
7489 7979
25661 2584
13251 1267
13780 333
20957 906
1784 11293
5685 25230
2500 2760
18132 2397
11725 11347
23566 22962
8660 10503
3407 23649
19505 4308
20865 25233
25170 1699
25450 10083
12662 11328
22610 12859
18930 18039
1063 8915
23054 11222
11509 18718
15095 20168
21397 17490
23483 11939
20324 22951
3551 16648
5449 12658
5474 24822
4442 23257
25598 22435
1925 11716
20879 3243
20921 9606
141 23958
8348 989
11533 16120
16957 8105
16 11012
dao-map/orz100d.map
76943 77809
36420 58561
16839 36597
55930 74956
188 89161
89712 19422
68836 33952
81479 65513
19864 14827
5114 34921
9755 81769
92490 57072
59462 92779
51573 47096
77856 66469
81373 93197
16750 3605
31563 74599
77614 41560
89133 37026
48230 32926
29932 76737
68793 33770
90257 16327
78580 35773
16773 9948
12880 49498
13371 51150
78015 98704
48970 87342
3529 25402
71835 51345
79331 43367
21203 29411
95562 84979
68200 60458
58749 72472
23475 35913
90961 12534
40574 17206
dao-map/orz105d.map
565 154
663 115
626 4
270 623
4 81
139 123
385 526
343 273
212 322
44 388
227 510
237 443
376 236
296 159
19 487
633 508
162 323
395 655
605 298
9 436
634 44
315 477
638 284
65 672
285 606
113 415
138 588
480 357
447 133
659 289
294 539
207 637
557 128
242 365
283 78
660 238
69 407
33 563
346 312
248 178
dao-map/den020d.map
1099 2163
320 1815
883 178
1345 2833
815 1200
1556 2897
2959 1393
2531 1011
1516 2541
963 2345
813 1852
1423 1352
1860 1806
1545 175
2108 388
30 811
2619 2711
2643 3091
2390 2260
1991 783
1795 1405
767 549
2948 1531
283 846
93 1363
2136 2066
675 624
2061 1410
1057 2230
1584 340
953 27
2359 311
2493 2517
433 1586
181 950
1856 2786
1781 350
1454 1994
1520 193
311 1102
dao-map/den505d.map
4298 28675
496 2553
26339 3022
6250 3542
2152 18885
21319 18446
18277 21365
6501 392
25696 7977
9181 24236
3874 11404
5843 21900
25774 30136
20570 25389
14796 28189
3777 22880
19529 13258
15625 18816
10396 5465
8942 10164
22078 18187
18738 10206
28599 7628
23627 3838
12122 4355
26658 90
10656 22136
15798 9782
25667 4645
16344 715
16566 25485
5164 6209
4448 26755
21365 28868
23346 4445
3829 28688
18900 4860
24848 24374
1945 24843
28820 7349
dao-map/lak108d.map
20 176
11 124
208 200
240 161
147 269
88 124
231 57
81 222
254 12
283 104
269 81
113 110
215 4
21 150
227 243
126 123
101 271
211 246
172 80
188 182
192 6
105 113
176 22
50 259
231 149
60 99
10 101
220 51
52 68
282 129
88 146
166 25
15 53
243 279
249 256
265 267
103 113
229 36
151 254
164 218
dao-map/lak105d.map
370 97
36 278
325 397
99 203
21 314
236 279
67 284
363 99
320 296
133 396
406 51
49 304
420 285
121 439
250 217
19 18
275 212
38 419
306 221
172 28
75 17
156 149
92 81
339 284
174 319
140 428
317 368
34 210
74 428
44 342
218 51
4 239
249 257
334 412
286 275
37 158
384 173
106 67
166 147
67 350
dao-map/den204d.map
2562 559
2336 2391
105 2821
2111 1611
1994 1713
1452 408
1414 1350
359 1605
1365 1475
342 2509
2500 339
2081 1903
1612 1118
2837 1688
2827 1829
2701 2785
1992 996
9 617
306 111
1560 2544
1614 1223
2138 1301
2683 1242
2277 974
1276 1556
2185 70
397 826
2441 428
286 869
1682 2691
1648 683
2418 322
844 1536
509 355
510 1577
583 1399
1093 1510
2518 1186
2162 1722
2566 1591
dao-map/den600d.map
435 137
9600 537
1177 7213
6322 5807
12595 11704
3229 7503
13032 6391
277 4531
4934 2375
8846 7755
5962 6668
7777 10265
444 9587
2530 676
2613 2606
3467 11151
11199 11375
667 12716
9635 8764
5341 11360
11985 8853
6840 6245
5084 1797
13235 3918
853 315
7687 1677
4212 2542
375 7943
7273 10980
2729 2262
8945 4585
4656 11566
7566 2896
1927 4042
13329 5451
5088 12400
8842 10249
1386 10007
639 7197
4472 1069
dao-map/orz704d.map
1113 729
889 15
622 464
1863 1651
1326 1267
2024 229
263 391
118 943
107 899
1918 446
1052 1354
1691 1232
628 1567
536 222
1442 503
1319 1147
973 692
740 855
1546 1365
1077 562
1482 1674
281 1569
154 2004
1822 1216
49 230
1515 1428
1998 851
1498 1286
18 814
1077 2070
1978 1196
1970 1234
419 1678
1027 1328
1766 1541
1241 1315
1153 628
432 943
786 257
679 279
dao-map/brc204d.map
13584 5610
13593 20373
15168 22640
22542 18256
1177 4730
8731 4439
9219 17901
754 20872
18633 1117
3356 23290
20632 10973
2661 7292
22453 19806
14431 2129
13079 22894
18211 8705
4529 5841
3402 19690
17096 3114
9922 21619
392 20425
20519 22655
9772 17722
8324 22319
15264 6939
19087 15790
6045 9371
8362 5244
8870 4875
1437 12093
8501 17441
20026 16500
21700 17096
1422 13163
9778 17237
4253 5009
6688 21585
17360 21578
23252 6284
9478 10907
dao-map/orz203d.map
138 161
57 134
222 131
186 97
165 78
198 58
117 192
130 129
30 30
49 102
105 104
147 63
219 13
171 90
131 33
171 53
131 38
50 66
197 68
238 61
89 82
76 183
34 227
152 30
166 127
121 167
207 35
80 228
105 104
36 9
40 165
200 195
17 229
28 98
206 152
181 38
176 95
184 30
22 150
72 94
dao-map/lak303d.map
813 5601
7027 10193
1433 14472
12176 9074
14416 5489
7970 11653
8947 652
7010 11250
246 4264
12476 9314
14295 3784
5272 6407
9778 14564
13029 12210
3189 14224
13281 9305
9276 967
7601 11275
6480 12361
9010 5097
10649 8456
895 13458
568 723
1929 4396
9020 3566
4259 5574
6044 6805
14064 11767
8898 4761
8260 13302
1614 11278
2229 2396
11555 8244
14491 3656
6343 14577
14115 3446
13500 5417
12323 4460
909 11212
5019 351
dao-map/lak401d.map
43488 10085
42224 11109
11142 23622
12263 43159
41849 5364
23228 34358
18513 23379
20842 37187
6409 23957
29929 38749
5361 425
25295 3220
36605 5112
12633 24811
840 37669
11645 30338
1964 11626
33272 340
38493 6172
8108 19410
31953 40274
6704 16793
11576 19979
36621 11047
22682 28620
12429 14759
29130 14225
23602 24230
34716 980
20448 15266
11679 32054
5277 12602
460 29122
6935 37590
30952 368
39023 26223
35773 4358
9407 43564
10371 23598
16802 3444
dao-map/den400d.map
2117 6588
2560 28479
3920 8965
15806 8553
8715 11891
3206 26631
23908 27976
13477 4536
375 22604
22836 11141
1234 20447
5264 15444
15660 11772
28800 6124
17342 12535
15558 19332
13362 2874
2997 8036
6827 8308
13800 8580
8482 16705
7780 23937
25126 18951
15577 11068
8634 13767
11697 4471
15157 1905
25463 5085
8195 164
353 9184
24144 17296
5958 22709
17777 7206
7139 23947
5516 21262
24296 11314
6394 10883
8407 21566
26507 6275
24455 18353
dao-map/ost004d.map
548 3495
2634 30
794 3099
2002 4111
3169 2538
947 3394
1696 3518
3132 3812
2159 528
619 3237
2432 1547
3391 3593
3579 2730
1408 952
222 1889
3404 2008
557 62
313 39
2223 1830
1460 2125
3470 517
2236 3459
2385 1446
621 3782
3522 851
3522 4054
2554 4217
3911 446
3698 1365
1117 3030
1682 3079
1123 286
36 817
4372 3396
1452 4313
55 278
1532 3397
332 106
416 3892
719 393
