dao-map/lak300d.map
8378 6682
3619 9719
9485 11289
10523 7352
10997 3569
6189 10711
7736 10
8128 4917
9887 7178
5387 5352
1984 1143
6010 1991
3331 4666
8292 6502
1108 11719
4267 4848
7314 2066
8974 10804
1445 10819
3306 11094
8739 1900
2545 1407
9105 11341
2150 10930
32 6925
8062 8680
9961 4300
11321 11271
9739 4842
4515 3685
1731 5796
48 8943
119 11865
7232 9435
5593 11048
3955 5184
1371 10288
448 3324
10194 5143
3002 3859
dao-map/lak510d.map
4227 5148
507 6378
1175 2885
5956 6785
3355 3005
5891 3797
4164 4387
7235 1275
4438 5497
5443 7629
4287 120
4104 1851
7412 690
3021 4481
1213 861
955 1821
5116 6648
3023 6723
1467 6083
7386 3396
1969 809
3898 1213
7692 267
6240 3094
7540 6473
3388 916
237 1851
2801 6471
6628 391
7381 3072
4972 1187
832 1100
2340 6287
2664 6664
6726 7138
4685 4293
3429 2174
3151 6843
7175 774
643 666
dao-map/den206d.map
32 3243
254 634
1950 917
3521 3827
3950 2770
2581 3271
2469 2012
2256 1527
4065 2061
1719 1545
4507 2065
2773 4351
336 2439
3755 3826
2261 3839
1981 1055
3592 102
2049 1323
1612 690
769 2656
1521 3920
3866 3887
3883 1187
1765 2907
3996 1118
2809 3978
1451 625
117 1069
836 4518
4199 950
3359 221
2071 2457
2976 3307
4324 2284
4112 3174
3482 913
1153 4321
1540 3196
1574 2700
4452 3728
dao-map/lak506d.map
3421 5726
3048 3689
11927 3872
731 10472
13222 10880
6816 3856
7121 8284
10214 176
4489 5270
2380 1891
11490 8538
8435 7224
2335 11087
5298 1332
8871 9951
6034 6613
6792 10290
1749 13174
4840 13572
9328 2221
11009 9026
4433 309
11982 715
5444 9486
209 3074
7459 12466
8115 10511
2214 5341
922 13380
1302 1733
10452 11101
4844 8438
9263 3169
9888 11843
804 5948
1787 13833
848 4999
3824 5441
13169 10560
7780 12116
dao-map/orz500d.map
19591 12403
4180 18112
16462 2701
2011 16534
19816 1120
14876 3215
3027 7242
19494 1299
3973 8719
12226 514
2575 12581
512 15816
12923 19609
16677 19045
15431 746
15229 14604
15564 3172
9348 8841
1912 1082
16260 4599
13314 3489
2031 18406
11301 14681
2307 11027
19930 16835
17921 16354
19918 7224
9199 16312
10052 10521
19303 15979
5958 2137
14487 81
2379 15184
13942 15606
9664 7561
19202 16852
17751 16440
11317 16834
19733 3043
3062 7595
dao-map/den504d.map
1467 4383
8629 8706
9327 6112
10477 2339
11667 8263
3819 4725
12165 7567
4049 4112
6085 3378
3329 3651
1112 1265
7680 1269
5257 1711
11532 6469
10329 892
8354 11451
12010 9433
4317 10609
6564 927
1014 9294
4804 1727
4680 10806
10146 3262
2938 12812
10994 12061
12168 9634
9967 10352
5373 13345
8944 7516
5170 12318
12474 692
3195 946
7236 7174
639 1517
2788 8707
6317 1190
10338 110
3392 5498
7665 6322
7720 1128
dao-map/lak526d.map
593 261
924 281
791 784
767 761
717 346
305 762
196 734
282 272
230 204
705 253
302 571
554 438
100 736
129 935
301 618
842 927
836 58
521 558
513 301
219 208
717 587
724 126
22 675
531 536
12 921
618 843
640 269
441 15
617 290
919 170
714 7
64 20
127 105
8 652
131 662
866 567
2 785
588 252
82 48
559 822
dao-map/den011d.map
2342 4932
5546 13903
2012 10895
792 6058
4542 104
154 10760
10578 11731
6048 12232
13406 11598
8421 8026
13498 8503
7054 1577
9470 13102
4391 14491
13791 5851
654 7146
11843 6015
8671 11666
40 12025
6229 9455
4213 9418
2548 12566
11542 1091
4899 2825
12754 5696
5577 11992
10223 4776
8647 4411
10348 8376
13643 7367
7807 11645
9229 4746
7403 2080
1387 13956
6462 6338
7958 13904
11219 1348
4712 4798
6402 8381
1795 13686
dao-map/lak100c.map
2181 26924
20889 25417
20659 33827
1835 16444
5031 6902
30217 24449
7916 12616
31561 23026
29326 3419
4820 14460
23864 19070
8906 8240
1242 27286
4744 720
16785 25118
6584 30633
28473 19523
7210 8957
34650 19298
27139 15000
18575 23721
8432 18903
30652 16988
13292 4893
10941 28243
19390 3378
24639 23944
21381 14682
18737 2528
26408 27248
2086 34443
13131 6662
12102 13316
13920 26997
15687 3002
19587 15080
28447 12286
3260 16880
29660 23258
31978 24029
dao-map/orz700d.map
28349 83943
36075 61267
88867 34129
93465 33890
7024 84697
51118 63812
92887 57322
51692 17481
80922 55661
29347 8493
52888 31567
75615 17063
88848 56880
39037 57668
46567 26923
10269 11513
39613 50610
79047 11890
72163 3285
42009 38211
43371 11210
91181 91847
84222 20130
19475 74804
18838 3026
42666 48554
2667 81553
3253 73323
390 50219
78220 73862
32918 55844
46297 13512
88771 25814
72030 58335
26392 72051
77737 47673
32543 50219
69538 58108
48839 11290
73544 64019
dao-map/lgt603d.map
4030 25032
16359 25503
11771 9823
17579 11311
11496 807
15554 1529
4141 10689
9024 26692
18791 18700
24175 124
12388 12475
14194 9396
6551 7784
13455 20697
2143 12265
14763 17025
8072 15160
16140 23574
11926 11844
13366 15449
7543 13069
16493 24740
18777 23244
5223 15824
3865 6960
14301 10860
18566 20687
16690 2707
20083 21434
347 11735
19479 20840
24572 5090
20574 13525
21341 8985
24476 7576
8191 22946
9764 17532
17594 9160
12754 6773
6888 9032
dao-map/den401d.map
3634 10088
10771 6511
2857 7874
4032 5456
1904 3007
3282 10678
919 6224
3837 8995
7070 6749
6895 1526
6926 2264
981 9158
1214 2719
7775 9471
8998 6278
4499 360
8876 1778
10246 2478
5023 3866
7755 5855
11005 8170
9188 7118
8604 10504
1880 4177
5576 6026
3855 5648
5385 11214
9530 436
1905 9553
4836 3560
10806 749
4541 9960
1957 8715
8412 8029
5548 5072
128 4374
9246 9769
1734 1082
5577 7310
3967 1790
dao-map/orz901d.map
10873 27484
13504 37065
23574 5687
33802 5350
8874 13498
23883 30290
40048 38024
19614 22356
4900 12777
9713 761
34851 4123
34915 2443
29869 40387
14083 29833
40094 10389
34579 7780
4126 31358
739 16280
21315 38613
5350 19228
41387 22154
7068 33228
38127 1408
2381 294
2932 26379
29408 932
11622 20243
16124 23381
32964 8842
34051 14837
15590 17724
16794 40520
33207 40445
15014 7728
23913 19098
274 22447
27620 39105
19012 2289
5944 25677
27076 11585
dao-map/brc200d.map
5985 10784
107 8695
7549 14528
11755 1053
127 12745
13020 5269
12891 937
14056 5176
5234 5879
7239 5982
9098 15734
10071 3738
14302 9192
14350 6434
6204 13424
11359 6536
3625 3037
4166 2698
10606 14483
12852 8860
6632 1995
6977 2716
8530 4428
15729 15254
2972 8239
5894 13844
6366 3669
1893 1482
7502 12641
13859 8433
10433 6856
1934 10290
5367 13513
10040 7757
6966 11503
15595 684
14279 6262
6070 5613
4751 9153
4442 8529
dao-map/den207d.map
509 657
334 855
679 250
578 749
552 752
64 379
21 247
746 735
872 158
417 58
297 808
51 479
176 294
862 251
121 116
39 557
745 5
64 432
332 731
70 137
155 786
50 407
799 35
268 327
778 770
669 595
33 559
247 102
401 121
38 187
78 440
400 758
715 31
379 580
223 122
785 719
496 204
261 552
59 172
42 415
dao-map/lak100d.map
26875 29899
10124 33879
28212 19338
19915 6934
35706 14801
15907 32635
6793 17459
20880 35428
31393 14671
33410 14469
3649 21959
12254 6550
13659 13599
30826 20433
30660 33967
14572 28945
1572 18895
15799 26387
775 36244
17344 30160
6987 23249
37216 28665
25202 32908
552 7352
21969 22477
27172 9716
34602 6470
5291 13213
37840 21929
20469 24223
3150 6880
28147 25782
10886 14339
17789 2084
33227 35525
5061 18340
13487 37840
35741 26949
35082 33681
2517 2560
dao-map/orz999d.map
18718 34361
41043 33137
15535 24518
13909 36387
34651 3564
12455 31528
31517 16906
29576 29192
14144 24237
21751 5184
4858 8822
35458 39065
20609 38348
35868 41133
7691 4610
15013 15586
12558 11109
37213 9852
14217 32495
30947 2747
35994 39670
12145 31958
35972 6382
36815 19573
37329 35296
16458 5290
22533 29309
1046 17599
37427 39373
31933 29125
37855 40437
11491 13457
28669 19110
20922 6556
11586 40285
38412 29403
4872 21356
14219 30197
8098 27064
27662 14566
dao-map/lgt101d.map
285 74
65 297
223 290
68 132
49 41
193 114
128 417
356 436
193 157
210 306
292 437
325 437
410 178
153 105
284 421
29 95
367 44
74 403
195 39
413 189
380 329
436 63
205 294
220 88
103 189
82 428
23 372
333 299
369 418
244 40
326 348
164 390
325 35
110 426
344 132
109 400
234 167
411 326
184 287
317 106
dao-map/ost102d.map
2 27
188 157
59 21
49 168
215 133
13 0
115 179
147 244
86 31
216 191
12 224
34 240
42 123
217 25
116 172
57 84
60 112
224 223
85 76
23 191
79 153
49 113
131 189
98 228
115 116
42 27
127 208
25 171
146 215
45 171
118 182
205 153
199 53
94 154
124 122
169 197
240 162
201 233
144 206
202 237
dao-map/orz101d.map
1209 1534
249 1303
276 812
1475 1719
861 687
965 57
736 795
1533 1222
383 1147
858 1285
939 83
1606 1564
15 579
1356 818
371 1714
942 657
351 1494
1205 1257
290 268
1033 1269
1764 545
504 447
773 328
1558 680
1326 1042
1260 1327
255 1763
650 1697
1672 687
725 834
292 540
791 812
283 990
1706 596
1130 1364
1414 1277
385 1644
914 1051
839 42
1258 598
dao-map/den312d.map
214 32
2253 2403
1561 2025
511 1373
1708 1615
537 1718
1166 1280
906 949
1297 316
2270 1262
292 2291
2274 311
2169 252
887 1804
1061 533
1477 940
1623 1900
2034 1551
2237 79
1118 2176
901 2155
2029 847
956 1286
611 1144
2276 372
229 392
20 701
1598 146
2130 2265
275 1541
2352 797
1664 149
1026 1651
726 810
540 2191
504 1411
844 2012
2230 1998
827 153
2033 2420
dao-map/ost000t.map
41990 10574
19986 75571
6880 24185
103794 81233
56507 61744
93657 98252
11604 16517
63053 87248
91628 53427
98555 36202
35387 45828
15827 47264
105492 50124
15083 40034
37114 42442
5547 87814
93623 71594
7215 54235
37367 57967
102461 76690
66106 43995
77107 7128
99716 94389
45790 41379
59667 32081
47344 11327
79078 44432
70883 100830
24902 38773
84434 93178
6395 61611
53772 103089
23688 1517
24723 47471
40674 42000
79816 69416
7472 5652
104325 90306
49021 808
27469 25108
dao-map/orz300d.map
6260 67790
69471 73733
65434 24999
20537 39554
8773 32244
80704 48113
8512 53549
59860 67181
32593 76912
25067 52710
56469 56410
73779 63424
30120 64180
43408 77639
43155 64976
67429 79777
11779 38936
37611 71248
45180 42647
77430 25661
21703 39475
18233 25577
83034 7327
65526 30966
4097 37041
42623 70079
522 83610
28479 22513
81468 79404
72078 42264
81896 31168
67329 67008
40586 74242
60203 30606
37337 61751
5500 2651
80240 76146
44953 72544
74615 58498
31868 21050
dao-map/combat.map
3452 1151
21208 19118
31391 22507
27846 26460
510 19279
7948 21176
19955 26708
3140 15736
14101 24977
22735 18399
22442 29519
16458 17119
24431 29020
23949 30903
29219 27199
26976 2613
22675 5836
11849 2891
9100 30454
19977 9076
16640 29526
11989 1392
17761 27246
805 24949
28442 32809
15383 4675
6607 8364
7908 314
29956 9893
7641 26373
28851 252
32844 11290
21173 13111
21332 29911
23170 4785
27293 27500
18642 25312
23869 2520
29658 16908
21599 11637
dao-map/lak101d.map
0 119
66 266
275 220
105 50
59 309
54 141
171 39
257 230
317 271
204 262
160 259
3 278
216 72
155 186
99 240
161 165
200 87
72 175
193 86
16 106
154 212
81 201
99 113
39 267
166 143
117 37
126 2
248 297
314 228
89 308
142 276
176 250
31 306
190 298
16 282
245 244
258 290
36 264
241 3
150 6
dao-map/lgt604d.map
11055 5620
8914 7951
4249 10449
9187 308
2026 2431
10447 4379
958 578
4396 10877
9056 1194
5055 11057
256 10322
7415 9218
11131 4729
11100 4561
8852 6593
6219 2349
3146 11166
6647 3620
2182 9559
9829 8608
7121 5703
2083 2578
3619 804
2774 9808
10804 7405
10938 6417
5566 6431
4818 371
7944 3361
10230 4853
3461 7218
3646 289
3247 2487
1949 2502
3683 2870
11087 2854
2066 32
10292 10662
2566 9240
8053 8638
dao-map/den502d.map
8945 8926
26982 11225
26685 2430
26247 9662
17930 24324
10876 11537
680 13677
16490 25056
6383 14807
17281 2319
416 3773
5985 26482
25570 25866
26138 7349
14965 5656
4919 22316
14170 2207
23828 4114
19839 924
16391 20679
24339 12251
8224 18299
6025 6377
1088 11685
14317 7002
20732 17428
26240 25188
6342 5969
7103 20245
11573 8595
9262 10452
3473 22613
14150 1138
15406 8109
18911 2425
7200 25051
14811 12119
3542 15047
8275 3715
10929 9183
dao-map/lak202d.map
2828 5992
4664 4029
461 631
4928 1199
5692 3415
5032 4758
1942 3678
4990 3599
6103 630
3830 2315
2894 3543
4354 603
2653 371
1739 3923
1313 1953
4021 2546
447 1356
5801 4195
2649 2257
5939 5336
6207 4142
2333 3992
368 396
775 2956
465 906
2667 1672
1885 5995
3697 3811
2325 2727
2711 3645
6157 742
3809 4104
5047 3806
3232 1803
1882 1304
1504 1359
2051 5317
5025 1538
3380 163
5634 2832
dao-map/den308d.map
1097 2416
2873 233
1824 2813
2952 146
2561 128
3105 1152
2010 3043
2876 2690
1080 876
1319 1765
1142 225
2043 1934
2955 2548
2302 651
1686 1602
2361 624
155 1306
1198 1444
229 788
3007 2850
2220 2551
1094 507
2016 1823
2975 66
1518 2127
175 785
2417 3148
1125 698
1238 658
1698 1512
1448 3125
2514 1882
1686 2618
2318 2744
3052 913
379 2328
1071 2306
941 2302
1441 3035
1673 88
dao-map/lak107d.map
383 280
365 110
105 40
45 378
234 373
36 135
259 188
82 57
12 296
132 71
150 312
305 261
360 52
135 123
240 125
219 127
168 362
247 87
100 369
251 383
302 273
96 332
206 351
356 385
124 57
380 178
321 341
294 287
59 10
189 388
181 169
51 380
329 208
61 390
93 70
222 312
337 352
341 139
13 142
360 172
dao-map/lak110d.map
51 167
123 25
82 82
85 102
102 137
80 58
79 28
57 138
166 15
45 91
41 129
120 107
55 16
154 1
109 53
157 134
124 109
108 27
149 138
147 78
7 134
98 9
0 150
69 118
92 18
102 50
61 16
82 102
153 41
105 167
48 6
57 157
165 39
143 96
145 89
33 147
15 120
50 81
93 164
100 148
dao-map/orz302d.map
636 116
1015 1160
1103 740
2517 2956
2654 1262
418 2775
3070 345
2071 2714
4499 65
5100 657
2407 2643
4779 3005
4046 4520
2344 668
2935 5195
2508 903
618 1748
1098 1400
1474 4622
4745 4000
4446 2711
3907 4038
1937 4632
3228 3351
4583 291
1800 95
1767 2550
2803 4067
1605 2987
3640 1705
5051 1818
3913 4316
1323 3256
633 1488
1618 3985
4088 4909
775 3881
3455 4686
4049 4316
2882 3192
dao-map/lak405d.map
25700 39904
4761 31702
25508 5460
38047 41482
3340 34004
5273 7700
10168 32104
18065 0
46414 12995
43181 40880
13212 23448
27804 26058
38641 7411
6361 32139
45349 25518
44137 22272
32638 15884
19989 42113
37709 327
42062 17906
18237 31586
7318 9589
32928 10541
46499 16719
275 10904
14242 28651
28415 17682
32559 14805
30054 14477
30148 19711
29822 22129
46444 6330
6269 29695
32322 3461
13394 6707
14229 40206
18276 17309
16490 40638
16637 34319
15956 42192
dao-map/brc201d.map
1830 12247
5431 2535
23804 12393
479 6337
15953 1495
9689 8694
2755 13047
11540 7259
10720 14698
8806 3623
20173 11565
24487 8318
19574 18735
22660 15941
10479 8857
19736 19454
13532 13521
24148 24797
23962 3148
19318 22013
9716 10308
11023 17763
11489 13301
15477 23442
10816 9370
1495 1489
20962 1591
15952 2524
9995 7298
21393 6402
25065 13854
16109 4654
21431 15169
2159 15702
502 22660
15214 22730
17182 23559
11492 16412
15864 1700
15144 24082
dao-map/lgt300d.map
37451 9382
25784 33218
10005 28625
24036 16391
22522 4359
5149 9376
32999 7938
21977 17883
4033 7951
8129 1600
30124 16775
34789 22552
31952 10136
14362 4508
8073 24055
18338 15969
22612 19887
14680 30848
36909 2263
17491 23262
12335 6722
22785 3670
34116 30603
19400 22670
8412 20367
14683 3677
3688 24756
997 5513
5305 20985
27267 17687
36724 26441
18721 26760
14254 25304
18374 20381
16612 37606
31724 29152
31728 1519
36398 33262
26670 8981
9574 35850
dao-map/lak307d.map
1489 1865
593 401
2363 569
790 4175
393 32
875 2512
1563 3586
1707 1657
2835 3178
97 4388
1396 885
2161 2406
3524 531
3680 3133
2078 1752
2021 4361
3410 4306
4679 932
3212 154
2427 4539
147 2453
784 888
769 2395
2514 1717
4147 510
3104 579
862 2006
2718 1132
28 2914
2286 4578
466 1734
562 24
2044 2431
1473 1490
2256 2648
3046 1994
85 891
4375 3838
2246 918
2362 3125
dao-map/brc503d.map
1360 4785
26570 39339
3440 4366
51017 32265
39508 57936
19226 22590
41028 50505
48962 32416
39545 16142
19257 48250
63206 18194
54252 57113
33699 43471
49584 22713
26006 15907
52939 17321
8103 32792
34818 12200
53692 64253
20319 36851
23204 41050
36342 29272
23134 43184
40533 10324
8469 61911
55804 22000
20297 43132
56451 41361
65406 9776
40592 24162
43464 11528
21801 30813
19056 918
29966 35543
296 36000
27028 4017
47135 18714
40001 51119
9985 19564
30120 49972
dao-map/brc501d.map
41472 33367
45020 7373
26272 34935
3958 13435
5992 37389
15548 43390
32443 28364
34543 9427
34338 32938
35116 56897
33065 48910
57423 25601
31975 38888
2335 29400
46254 43297
42341 32027
56041 1351
14708 38135
1106 46145
21149 19198
51874 31626
32609 13494
566 21869
351 3769
32572 9891
19896 57605
5595 14843
56653 33199
35880 22615
38970 7659
11856 19206
13385 1862
8222 27714
17237 20125
20646 41670
28966 22742
45613 33875
4873 32010
5456 50181
1875 23936
dao-map/arena2.map
20053 18286
18250 16953
21406 9608
19307 9744
3305 12177
2357 19564
11940 9519
6454 3767
8252 15775
21672 2536
7342 9957
12661 2050
617 14538
6508 18687
10252 20273
18575 19723
17414 1076
8363 7547
15095 9886
13408 4267
22416 15993
6701 13341
15144 15953
23400 7364
19556 10438
8887 8076
5184 18661
20857 19516
21708 7633
17941 10661
8128 2783
21177 11798
10398 14521
20223 15626
13366 23672
1776 22883
2309 11531
7307 21671
11393 15969
6023 3982
dao-map/den900d.map
2017 3043
4039 952
1223 2171
3232 5102
2582 1995
242 3583
1724 1638
1081 4688
710 2709
1025 1296
2468 704
4325 1379
1885 3454
4216 748
1128 2612
3129 3000
3087 948
193 4011
4548 1157
4974 1968
997 472
1727 88
5210 2404
3496 5075
163 3590
4001 3451
203 1716
178 825
2490 5200
4606 1229
84 3779
2467 4472
1236 4667
2090 919
2572 2790
1315 4318
1664 2816
1836 1731
2541 1469
3648 5088
dao-map/lgt605d.map
2826 1718
1900 202
806 2969
1467 1847
1039 2538
1010 1365
483 995
547 363
1839 2844
1005 2584
1868 1470
462 2167
234 1625
562 1767
2113 2193
1368 2651
2713 1319
2672 2154
215 861
926 2919
2351 316
2132 2315
1423 162
2197 2511
654 1351
880 1660
1551 566
2906 1079
1356 744
976 1366
2105 2397
1207 448
456 455
2337 2949
2273 134
259 2928
652 2956
2274 2669
2598 823
2182 126
dao-map/den407d.map
494 252
225 221
324 712
288 126
253 311
730 457
52 840
145 155
219 206
353 399
735 816
193 259
171 651
765 600
115 118
262 428
532 476
542 746
43 228
0 673
181 326
817 586
333 811
645 689
573 151
206 88
335 178
519 682
682 19
353 772
161 394
618 252
329 126
405 35
652 182
62 780
489 467
214 160
262 20
152 591
dao-map/orz301d.map
2683 3422
1299 1259
988 2864
2675 3902
4128 1222
4280 1018
2842 2714
2196 341
1452 1579
3734 2567
67 1080
2299 503
1201 3498
2691 4072
2082 271
2591 4295
2233 3367
2536 2675
3925 2716
309 64
4419 2215
23 2101
2950 3033
1315 3216
3115 800
2825 4327
4058 4490
4074 3017
1057 3385
3441 664
2048 185
4243 3721
2969 1631
3516 2827
1510 21
1045 2157
57 4384
2834 3931
1810 2252
3339 1720
dao-map/den000d.map
8767 5953
39416 9503
11985 4650
34155 44411
40606 48596
9893 30363
9130 10809
44317 15836
48052 10672
37298 24614
27902 18052
57656 30893
26217 2399
15662 42006
31280 4362
56765 18910
26826 21784
21842 15819
20839 55737
56457 380
37687 55449
2005 3302
8514 36472
50243 19291
51749 55548
51529 29765
40707 56060
52683 44271
3868 56429
15705 46676
31206 53518
34673 54208
36256 26180
10356 9183
38001 34605
47533 26623
57448 23215
38979 50875
40500 10937
18994 11923
dao-map/hrt201d.map
9435 15590
19963 14448
6318 14844
1227 15413
6703 11829
307 4186
2356 22492
6522 5469
10703 12769
12639 10479
1830 22370
17024 21643
5578 2846
8501 1178
13938 5973
4060 3572
23002 19017
3413 10323
11133 2245
17478 12674
14826 10949
12352 20266
13189 9508
12435 2823
7648 13883
2956 9891
11877 8676
695 11920
3079 22605
1257 10572
23121 11197
20441 7474
17375 18929
18569 18012
23372 2078
15776 16855
9182 3178
21476 20847
11500 18318
11253 23296
dao-map/orz702d.map
69383 34319
47732 11467
8050 11047
51787 17252
2102 60213
58698 37636
34321 8911
63183 18908
27877 16117
25470 39975
29488 35064
27835 28235
13114 52564
52127 14081
50603 49560
56366 37363
64863 11399
64437 58595
62806 48023
61095 2748
36811 38231
54829 9546
28654 17351
31661 47754
41588 21989
63835 44482
23578 63646
58655 53716
43299 5759
22124 25841
47479 12456
7639 45604
61483 43552
66094 60848
13388 2235
67904 276
58111 42164
4533 41452
63703 67551
11331 67176
dao-map/orz000d.map
3102 3066
2287 874
3026 1522
1404 2546
2279 1453
3826 817
149 3268
2100 1399
563 3263
3443 3373
1435 1854
2519 578
2819 3829
3239 991
3771 2078
1261 1466
158 955
2918 951
2200 218
3419 1576
1299 1015
2528 4027
2213 2186
3011 1173
2496 4033
2465 2605
919 3254
1369 4000
923 412
3650 2793
1768 2452
3131 3411
1472 1383
466 489
402 2953
2045 352
3305 1360
3690 2164
2521 1946
3308 51
dao-map/lak109d.map
136 136
268 302
50 224
225 95
14 126
17 157
38 246
231 71
156 291
21 278
102 222
293 139
81 295
204 7
37 75
41 190
64 79
58 60
253 197
129 41
302 172
72 37
272 270
303 238
246 167
209 292
176 47
142 255
183 96
290 260
156 246
26 64
148 220
73 65
251 69
137 176
271 38
114 231
266 273
256 261
dao-map/brc101d.map
24702 19061
16633 5176
15613 27878
12342 694
26058 20677
25196 19106
27561 17727
12407 6511
19523 13441
14965 22552
26406 25311
14308 11949
12677 3510
9688 19317
2567 11078
15325 1192
25128 1730
8966 486
1579 15395
19403 19356
21038 10724
369 2170
9961 17809
2898 26102
21944 778
2141 24241
16174 4312
19234 29387
23201 17428
8462 29122
17366 24529
19274 6396
18143 18493
20597 25205
17644 10869
6646 1265
18411 23784
15017 28304
8299 23652
4759 22203
dao-map/brc100d.map
25890 27179
351 24691
16707 20463
17254 7149
104 14934
20187 26865
25259 8181
24078 30113
28828 1802
26334 17071
3744 30712
26815 20397
21826 6661
15331 4951
12609 7414
27862 491
24431 19499
21795 9358
16906 26296
23656 11975
6896 16214
21047 26374
27022 10364
26801 24800
28237 29869
23803 16737
7388 28264
25158 24638
19606 22244
9724 14255
6533 17862
4938 29478
993 24819
20060 20820
26549 5862
25356 10366
21818 5256
22396 3565
24065 26357
13938 11596
dao-map/hrt001d.map
1017 1158
2029 3665
1222 3617
1589 3639
1254 3697
3315 1545
2745 1897
1009 2178
583 968
464 3254
3266 54
45 206
2100 3007
39 2395
1274 108
3584 910
1366 2427
1071 1664
3649 3398
1216 3080
643 963
3116 3637
2084 42
964 829
120 1342
1888 3103
1109 1444
2616 3655
264 3466
1573 333
1194 685
2194 1100
3326 598
2811 2465
2934 1944
1775 125
2847 688
2809 2146
2726 1620
605 1741
dao-map/brc504d.map
30290 26714
10905 29975
3546 36789
20795 5837
33894 28191
9218 19655
10700 2963
17939 5771
45247 41816
17822 6918
38574 18056
22876 45387
33291 46418
22888 2633
4800 34524
12974 6480
41286 11868
10789 40873
16172 7799
3449 32311
32187 1461
152 8877
22140 3402
38189 5928
4113 39196
23569 20716
15919 43176
39067 20520
12488 32864
356 15896
42758 14547
38643 9263
24476 8213
4504 9767
40871 42489
43079 29983
14877 28460
14005 42654
10341 31456
35081 23845
dao-map/den510d.map
9248 29876
11794 5722
21832 3069
27286 28915
14196 20760
31056 12082
30610 2320
23497 30508
8450 48703
9494 38021
3773 53959
31436 1265
21339 45645
45565 13480
29507 3592
3961 33581
28658 38876
30311 33528
5151 44377
39772 28938
2473 17128
28107 30388
23774 39139
53916 18039
24672 17388
27422 3893
11610 44573
20580 4463
16908 23995
36298 53250
50312 47807
24288 24910
42579 56866
55780 25967
21424 54353
46058 24070
38845 7969
49393 2480
25155 53990
36949 23474
dao-map/lak308d.map
6250 10887
8135 241
5083 5888
8896 7815
513 10445
5373 10188
2584 9316
417 1233
9932 3087
7070 6429
2806 302
5042 11746
7396 9446
982 3080
5522 3490
1380 10758
7917 4293
1165 10658
655 1634
5145 2859
6677 7817
7086 4189
9522 2380
10094 7612
11599 1291
3409 5972
9349 10521
947 4065
4054 4575
4998 8217
5273 6166
6087 2517
9958 10419
11332 10351
1164 4646
2975 10990
6430 8628
3918 11899
5351 10269
8168 10478
dao-map/orz800d.map
53019 27783
34846 55796
52186 59620
50232 16599
41400 45344
10248 44375
25639 37693
25316 33566
18823 14936
2897 40899
41250 15640
42538 31806
32824 49733
32381 30780
15103 6929
32125 26016
58046 5269
347 19534
23207 16302
11826 27979
53242 17334
58353 39676
15840 8475
34348 47318
38980 45583
40045 58657
46348 43124
34576 7872
34763 25188
553 19808
25805 6736
5114 8640
23530 45987
28600 4506
8193 40172
3988 57873
5442 18043
19978 26249
21637 27125
1013 15668
dao-map/den408d.map
4 94
101 395
73 161
276 63
72 7
281 188
409 210
312 111
422 276
521 281
93 55
57 166
41 214
355 10
202 0
539 35
414 309
390 485
369 524
305 275
118 119
380 448
496 372
57 292
449 251
60 60
264 281
14 266
209 528
105 136
442 205
183 503
524 102
299 370
229 81
256 145
110 457
409 487
457 393
200 286
dao-map/hrt000d.map
100650 87258
62510 73491
18581 91814
53966 75890
21865 8739
19315 63573
49699 21344
29610 30301
50848 91333
96546 31552
228 15141
10285 14236
58242 40536
25537 18158
65499 20599
61692 3042
27108 26353
61649 97650
105512 43277
89552 65712
49701 10513
72929 93553
93749 91617
74061 26810
12052 106294
85514 1050
66350 102820
28213 105118
944 71180
49456 71249
45138 65368
22902 53441
27017 90641
13925 54389
40853 87785
56111 90489
78054 94920
53813 73351
43339 65122
103934 73764
dao-map/orz103d.map
14239 27489
18387 21928
38614 703
23591 13053
28546 39040
15604 8985
11333 34441
17133 23788
4408 17905
31612 233
14998 15743
12814 16516
26955 33645
14123 16666
37985 15980
26242 27555
26796 12037
20387 31654
25587 20446
7146 27358
28844 35732
39180 2422
31488 11523
6255 22356
4343 11685
13685 32053
12718 33734
7990 33936
14929 38135
2724 13848
9821 26979
4924 18222
12496 12412
26663 31888
39415 21087
25486 18350
12683 7807
36939 31963
26802 28083
16418 33917
dao-map/lgt602d.map
10010 14936
25253 1492
4822 8930
17964 27801
12873 30191
16959 11298
7460 16808
15872 9604
11641 28570
29674 18923
14757 1441
18447 13171
10016 5419
5233 11106
11294 15829
17301 28665
8959 16652
27477 24365
31081 1912
3746 25930
384 23157
4897 24707
25319 26374
8189 24967
24320 372
29075 9088
5657 6594
28212 192
643 23592
21920 18096
5587 12101
32065 26139
6032 8148
24894 5107
27598 20332
4128 4428
23999 8307
30056 22772
24001 18753
24144 5089
dao-map/rmtst.map
248 2721
4972 1408
325 4606
2307 3102
1105 5341
1317 3307
5476 3159
3056 49
3224 1829
372 423
733 936
1342 1344
43 2743
3018 4640
2038 2679
5129 3936
710 4701
3590 2371
3083 1824
1748 196
858 274
3310 190
2172 2246
3698 135
651 1480
3476 1924
1666 4246
2708 1343
957 1116
2573 2166
3437 1660
2336 1906
3002 2081
191 4721
1728 2294
730 1103
2352 3351
2212 4339
3001 5034
1185 647
dao-map/orz701d.map
5353 14347
22434 42009
8063 33963
38254 42978
3351 26984
20299 32332
32211 21455
778 42923
42711 25267
37743 16568
31017 23912
3097 7787
6489 25990
731 11880
37174 9931
27876 14375
42779 16772
29960 29500
5151 7570
11343 28064
7793 12858
23850 2987
3237 14687
18080 1484
26952 27836
11842 1051
15865 27645
28771 39398
41910 30683
2328 8564
18387 25138
12437 12127
35496 10214
21120 34136
34801 32929
3834 12393
39855 16656
14289 35372
34332 41471
42250 30898
dao-map/den404d.map
306 105
307 12
198 293
92 15
302 170
71 111
1 239
155 106
124 147
161 168
265 282
146 86
125 252
13 213
331 213
260 267
74 231
273 62
296 80
20 75
138 43
140 206
146 38
274 251
196 110
98 85
253 68
83 220
273 104
291 231
278 289
117 229
204 19
192 38
284 15
151 95
139 165
173 161
241 132
270 18
dao-map/den601d.map
14009 14636
7493 10128
7292 16645
6178 2127
829 557
11831 9711
3445 2305
4064 2901
9535 13
16279 909
2904 858
445 2582
4153 16901
11641 14521
7361 738
6875 6324
13943 8837
8647 1632
18100 16420
6020 11501
14859 15812
8317 2454
6230 1528
3510 2668
8903 11899
2024 1914
1925 10011
4669 14004
9114 12026
5754 7149
1126 9345
8235 12159
9788 10015
11540 2763
1163 14757
7588 16102
7042 12558
11662 3196
6685 18184
1675 8577
dao-map/lak403d.map
13005 15883
12656 9734
10507 11142
3823 24331
11103 1290
5053 24466
19476 18201
13956 447
3419 2238
16570 586
14815 12134
8874 8860
9318 19430
21362 23161
20925 21838
17996 2605
15520 15365
15209 6460
21518 20832
21139 20128
22225 10602
23751 19051
23318 17091
8172 9698
17077 7774
8173 686
5056 16029
19513 18604
3256 17850
9462 2314
5663 8762
2018 1858
8011 10173
10162 24040
1306 4964
13725 19481
19768 8130
1968 12226
5134 4398
8434 8943
dao-map/lak504d.map
9280 10233
13364 8959
6860 10637
1951 8365
13467 1483
16493 5688
3401 4943
3938 11806
14362 16006
13470 13624
1132 15443
13808 11942
8288 6145
10276 10484
12205 12557
8447 16691
6240 4393
17167 17657
12784 6037
2838 2918
1774 6259
1031 6790
5718 6852
4544 3488
283 1090
2581 1990
1825 12031
11604 7951
17405 15210
15144 9526
13857 2570
3264 12138
15134 12527
11712 12594
16892 10717
3008 5489
10319 7891
11668 10436
5117 6985
7581 2501
dao-map/den520d.map
27995 15139
26492 8855
7565 11181
26584 21756
5630 19903
22539 3671
7070 8406
26287 17703
4880 13237
26739 3508
8035 8783
22941 8302
11562 23679
8087 8776
25755 479
11558 5645
13226 23734
10924 20823
10208 8369
25236 24759
16889 11417
1991 22889
25051 27743
4266 15320
20045 17879
24176 17424
19741 19384
17682 12247
2191 18070
8297 13328
18972 5968
10586 13060
18982 21429
15980 19950
15615 19460
25824 4444
12667 136
1709 3559
26052 21110
4525 26292
dao-map/ost003d.map
10594 11607
5053 12735
7308 2904
3391 1919
9239 7280
9681 176
1773 8717
11379 6135
3904 3136
11596 7967
5725 6076
4108 247
11807 681
4312 12028
9989 9151
398 10616
5340 9882
9097 4698
6906 12911
10641 1019
12995 5
4881 7586
4827 9238
12462 4408
2336 7436
9157 7993
326 12870
7952 3552
5842 2811
2168 3890
3866 222
9738 7441
1 7818
11858 9675
4853 12669
3176 929
12402 9834
2437 4161
7290 11140
9406 8017
dao-map/lak200d.map
3037 4411
6750 3469
7432 3642
7240 2896
3578 536
338 2235
6669 3865
442 914
2514 2095
2586 7159
204 6153
2148 1397
6923 2521
3671 4125
27 6846
3156 3041
3070 5011
3533 6204
1480 4926
30 5794
6841 1664
6553 518
2079 886
47 4615
598 5445
7945 3068
6982 7980
1651 5061
171 955
7 5222
6195 2467
1727 7179
7889 6853
4684 5569
2882 5992
7450 5414
4518 8027
1028 3385
3423 3656
3212 6106
dao-map/lak201d.map
531 2009
1334 11782
2455 4440
2377 6905
10189 8157
6264 7644
935 5788
7800 10000
4612 11956
3552 11230
5280 6154
10847 7314
1102 11679
2909 6850
9197 10820
3466 3990
2885 9771
717 3509
7442 7806
11567 5607
3416 12608
7753 12407
10073 5234
9847 779
11581 9276
8498 3143
9486 4183
2091 11855
5308 61
8171 6553
1051 9128
6842 11923
4236 6932
8686 11732
6645 1933
10597 12215
12092 3276
3428 8910
5912 5883
10831 5157
dao-map/den202d.map
571 54
483 469
446 312
532 536
139 591
528 480
36 91
436 580
248 582
389 427
487 102
10 144
427 82
397 559
184 342
185 536
141 452
228 32
487 18
489 138
273 549
20 101
46 318
336 39
347 339
502 6
240 563
253 397
43 203
324 271
210 336
77 15
378 201
271 365
11 515
548 522
285 507
166 149
474 2
471 28
dao-map/brc505d.map
31721 24395
15238 14979
22525 13641
14025 7548
34408 32283
21665 230
29551 17525
3526 15796
28060 11478
682 28899
26671 31738
1155 39623
11505 37893
2791 30952
10606 16924
31341 29270
20751 31895
10377 13550
6812 30115
34496 39094
14676 37192
25224 32126
25584 377
38780 18108
6160 10167
38020 29831
20033 2463
22977 25552
22137 32278
17819 15754
15130 16962
15975 2834
34217 33958
20696 14220
14349 8497
29218 21687
28300 35481
16274 14944
11835 15612
29858 18472
dao-map/ost002d.map
10468 10058
6820 9801
690 245
503 3883
208 754
5804 5472
8927 1618
8660 1523
1375 3531
91 6557
9067 8037
7890 2224
906 55
362 2066
5909 2486
2659 488
11256 6858
5105 10089
10 10198
10266 2405
3814 8545
6110 11192
6399 10006
1265 6095
2692 10764
8634 3929
6134 5553
1517 7864
4510 4673
4146 167
9878 5794
8318 78
5039 3235
8955 4677
7550 1217
878 9586
2159 138
1783 7160
10305 219
8860 1849
dao-map/lak515d.map
283 1053
347 1794
157 1830
743 668
95 1605
1514 156
748 274
87 1307
1210 681
372 741
1048 322
69 1400
1233 468
84 349
307 53
138 419
1734 783
447 1159
1026 443
579 1259
1811 136
980 793
1477 256
1175 1093
1336 791
270 1423
1787 907
770 1775
1446 1712
562 1652
425 876
338 664
517 498
534 1116
1485 1457
154 1294
673 1351
1471 779
1749 967
218 306
dao-map/brc300d.map
4811 4807
4451 1384
4286 710
4107 1618
4878 1449
3201 4726
1761 3627
4928 4699
5141 2275
5185 5196
3606 1624
1508 1309
3361 2668
2407 3810
4382 2464
4221 5165
4214 1949
3701 5162
3393 235
1276 2589
4699 4336
3018 255
4971 2768
5145 3970
3977 3646
1310 3788
1755 2581
792 4865
633 3064
1770 3608
1491 373
4514 1084
4080 2831
2307 4403
1616 1212
3920 2566
355 4584
5163 3267
2782 302
2546 1701
dao-map/lak302d.map
10 29
8411 2005
804 9653
11235 13488
14197 8125
999 10117
6180 13301
6400 10061
10432 9249
2740 1306
10979 12366
7144 13163
6749 1574
14401 5955
12448 1718
10875 41
6705 1116
1609 10283
2579 4783
9590 3852
9729 3627
1280 8878
7833 153
3583 12803
12269 9110
9057 2429
4745 5711
15042 1097
10870 5455
9881 7874
13185 11541
5782 6299
13029 13237
1991 7104
11431 9427
4436 5898
951 13354
7950 2998
3408 12319
9957 13711
dao-map/den200n.map
14858 11555
12478 9083
174 13776
10899 12793
5908 9766
5943 7784
14139 15399
2414 14186
615 2829
15431 4368
4639 5618
954 1220
12138 13230
10313 13784
3618 8876
13348 3918
14923 8312
8510 5678
9358 9923
555 13176
4089 10742
4724 4082
3294 6365
4105 6929
7772 5742
6784 13705
3442 16103
9119 7747
13534 1084
1193 9621
5359 7319
8171 1475
14786 2508
6354 5820
3555 10208
12075 4668
2934 13894
2417 11886
4022 13861
16104 7340
dao-map/orz102d.map
10 21
452 49
4 147
339 226
276 647
338 34
62 547
430 684
215 308
7 719
642 312
78 22
342 109
164 214
3 384
419 497
188 357
150 446
396 322
208 229
143 708
134 713
165 209
404 177
546 197
106 21
266 80
559 194
432 628
308 101
477 522
143 401
269 279
452 515
472 410
181 522
298 529
166 26
69 473
463 556
dao-map/den203d.map
2355 2112
430 1031
666 2286
1456 2404
1204 2100
1196 408
2196 1008
1353 2262
921 838
2582 2521
1290 1834
1579 1484
2590 1733
2354 1812
1973 1392
368 1854
974 203
419 820
1370 848
1804 896
1421 1381
976 2152
1128 1463
159 1072
722 544
1317 588
1706 1519
41 2546
2504 2451
107 1762
365 495
1880 2488
1778 2325
1458 1431
309 353
2256 2328
2191 1455
311 400
1639 911
1840 1073
dao-map/lak514d.map
21175 17812
2485 1109
601 2160
15567 13446
14858 11322
19803 16855
17220 20815
9910 8401
9055 8904
17036 19219
4793 6675
6369 5167
17858 19611
16024 15521
19659 18947
7983 10657
21182 17392
798 3689
9099 10516
20902 19462
4200 6974
13500 12818
18498 18663
9079 8899
18714 18697
14569 15312
4159 4033
12211 12648
17219 17825
10048 13543
18465 16327
408 3393
7821 14117
3615 3278
8953 8595
17774 20115
12146 13915
1674 613
2019 2637
796 1232
dao-map/den005d.map
2557 13944
12045 5813
2754 2294
1234 12272
14754 12457
6500 6169
1107 923
10713 13405
3881 6778
3518 23
4785 8384
4162 4453
4897 2941
7629 9389
72 15366
8925 1294
8295 11022
3425 4072
5139 16294
788 3461
3250 2800
69 11830
6644 14199
10414 14727
2890 17040
17418 7788
11622 3945
7243 1951
9548 1040
16115 17206
1333 980
4452 2817
7647 10872
6898 9493
15877 13924
1951 10519
11253 2207
13035 14126
4903 15814
12453 11581
dao-map/ost000a.map
91637 116983
63756 52614
2744 18174
40378 82995
69427 68663
8398 122254
104081 36746
89213 118566
59262 2566
123935 60386
45832 14850
124114 13952
15657 118375
78215 57775
8347 11830
29742 71049
84639 42452
23038 60617
118681 1612
22831 113515
79225 79489
74575 110816
67051 86954
15329 25434
68125 53779
74874 44231
85129 49371
53302 95583
3226 100006
25390 57258
35316 43791
127561 77064
65379 108395
9618 103485
96923 21958
22957 32065
12780 58448
128468 108896
30621 8900
109848 13493
dao-map/orz107d.map
607 53
58 392
430 347
545 436
347 43
335 165
177 438
176 567
547 45
153 304
308 622
373 317
453 178
611 591
176 149
177 408
579 282
371 265
184 431
30 199
77 452
290 210
15 555
174 97
633 151
435 510
369 375
226 244
136 548
331 457
11 535
25 18
293 178
502 576
133 279
608 475
266 519
143 445
530 437
159 38
dao-map/orz303d.map
2555 4085
18504 17583
14590 15610
13522 20126
6654 17554
12755 7499
17666 9695
7272 7526
1711 3936
20557 17210
12599 2135
20873 4124
382 8701
18476 1000
890 18097
17901 5688
19988 6269
9043 5399
6103 20499
9135 13974
400 17967
1201 608
17533 6729
21728 10269
16963 16430
3268 12733
19326 8543
1351 11692
1434 9726
8329 18034
20258 16905
604 4963
5054 6509
2457 10631
1676 5742
6044 14600
4630 3779
20990 2939
131 4751
12982 3434
dao-map/lak304d.map
6439 3504
11284 15806
5833 122
10025 10100
11770 10210
15477 12375
9408 8339
14205 15745
2956 5771
13745 7410
11439 5194
4153 14834
11532 2733
13883 15976
3008 8729
17466 2821
8795 8941
11780 3027
16407 9890
83 7120
3778 10251
1605 5744
5368 13357
15972 8203
17612 3284
14816 4102
15596 7443
2145 10944
7050 14277
17475 13707
5746 6354
16626 16834
260 6910
11620 2530
13616 5139
17326 3319
16993 6374
1711 1961
8856 690
12917 4551
dao-map/brc502d.map
4964 1785
5831 269
1894 6
5318 285
3149 3966
5099 1215
1947 4744
3910 2777
1172 3162
3834 3578
4130 3737
4452 1393
4332 2569
1986 5303
3510 2918
2544 5286
2018 863
2693 4147
3040 1811
1838 3588
29 3283
1539 5611
362 4401
3248 4246
3061 3156
3282 4355
267 2235
2168 2901
4400 2691
4478 5829
3027 3888
5602 253
103 4416
2762 1323
4937 3903
1077 1529
1802 4400
1676 1931
3696 4074
2817 1804
dao-map/lak404d.map
4733 3778
10398 7778
8378 4109
3015 10610
1060 2663
9992 13531
6788 11174
13789 10581
12151 278
1822 12703
6438 14117
6159 3537
2358 3519
5568 5523
8573 556
6365 4733
13613 9869
11062 9848
11912 13012
4721 13225
8744 4952
6545 1798
4307 925
13079 9513
2065 2567
13526 11664
1700 11101
12658 2066
7424 1970
1762 1291
11939 9446
10026 10330
96 4848
7913 11583
7208 5171
8960 1784
502 3143
13585 8574
5648 10684
8429 388
dao-map/orz200d.map
3083 672
1500 2561
2841 2282
267 4465
3203 1254
3456 337
3303 1902
1001 3240
930 2392
3660 4287
3183 3214
2277 2095
1395 479
4683 2128
3773 2871
2611 1031
4747 3426
3306 1375
83 2005
560 1654
1747 4193
928 883
3962 2111
1826 3246
906 740
1435 3484
5113 1391
4450 4184
2079 1140
4769 818
422 3558
4048 857
4087 5105
1400 2947
741 786
2675 2740
3168 4287
905 1048
3565 411
541 1702
dao-map/hrt201n.map
21094 15956
16218 10613
15764 23305
19051 6702
12481 16340
9749 17925
12417 20744
4897 17700
36 12022
55 445
23643 5171
19331 15361
15060 22653
8609 21864
14650 5629
796 14447
14576 3769
1752 11276
19544 11225
2224 10876
11353 20511
16579 2772
7723 18948
18959 8373
5216 10805
4416 21766
22174 19539
15441 4622
7204 21213
2911 16984
3268 22381
20690 8012
21696 1824
17497 5375
5363 11593
21312 753
5294 21743
6628 16379
11811 16188
10030 20471
dao-map/lak519d.map
10476 10483
6432 8521
11354 14083
11257 2034
10096 885
7279 4710
9343 12284
855 8053
10789 2932
3687 6434
6126 8052
4725 1229
4703 9578
8458 13839
341 6607
4294 11439
5934 6994
6533 14602
839 9610
9152 8279
11694 11226
11885 8027
1191 5077
13779 6009
6321 11548
5669 2573
2256 1416
8936 14991
12357 13676
2260 6376
14601 14841
11121 2287
7860 11298
14234 669
13485 7110
2415 6516
8973 11125
2700 248
2293 13037
10524 13384
dao-map/oth999d.map
771 612
1236 451
1449 787
205 721
797 1482
7 999
247 863
464 342
489 412
477 1150
1158 1391
454 1047
1503 1231
412 1479
520 716
1206 1149
291 514
667 318
886 655
1080 725
1508 1103
156 481
135 280
130 960
655 1451
391 641
1268 214
1415 1040
332 1033
134 381
812 962
562 780
359 192
1131 653
946 69
883 976
1351 45
1320 513
1485 1161
1301 567
dao-map/den201d.map
269 415
242 472
448 281
135 404
71 31
387 396
85 238
457 92
259 391
358 292
289 438
463 85
151 403
497 107
305 479
61 498
427 496
465 274
260 479
181 462
307 421
213 447
400 224
203 325
312 358
195 171
425 123
388 267
447 323
100 375
487 277
355 239
466 371
300 328
157 220
156 431
264 240
463 233
533 103
305 10
dao-map/lak512d.map
18043 29348
1719 18208
27707 27715
11571 21555
17009 24468
5630 7110
24735 9869
21393 12446
6557 7767
20667 5855
11759 6486
24701 14236
29795 27646
16389 1393
25960 14329
17142 26624
7823 1474
21769 25627
11355 6685
7115 27891
11908 24545
23260 4373
7720 20543
29738 28446
6806 23054
6905 14849
23458 19470
15883 7701
24875 20757
9430 8822
22980 28689
14682 19957
15546 2186
13198 24400
21747 24227
16917 13132
26628 23033
6630 8132
10307 22037
22823 16321
dao-map/hrt002d.map
168 642
441 584
307 453
446 361
28 473
57 248
657 563
629 22
98 246
738 499
450 131
506 562
474 730
80 441
207 372
499 291
0 601
134 418
362 488
147 291
296 180
748 103
162 344
132 112
207 26
89 404
385 442
563 130
93 75
472 741
102 425
512 678
399 266
432 208
68 46
208 659
647 251
210 163
35 532
462 575
dao-map/lak103d.map
460 596
188 519
161 781
147 590
195 623
418 568
455 489
18 258
736 521
429 194
237 270
815 270
267 162
177 469
524 828
720 355
104 32
517 449
612 249
688 597
14 216
564 349
16 1
12 532
194 334
577 778
233 857
563 714
630 371
415 846
127 139
644 190
710 240
555 414
676 516
55 180
633 403
222 406
357 570
48 802
dao-map/den009d.map
453 926
787 729
971 724
532 492
682 543
786 714
537 365
964 574
781 787
101 19
420 286
570 533
897 14
284 980
958 213
338 921
1000 868
294 717
768 37
577 220
655 140
260 439
144 483
330 94
543 523
650 1000
199 363
749 883
587 118
481 809
729 749
860 875
216 235
882 57
578 952
487 332
409 728
319 880
269 746
337 900
dao-map/den405d.map
690 493
853 774
769 418
736 480
182 728
448 227
139 315
725 318
744 337
23 329
452 791
434 808
922 806
273 502
560 26
566 99
59 255
53 121
924 908
805 310
409 716
151 166
860 328
404 198
224 868
27 835
775 804
687 48
695 269
268 64
216 652
899 249
554 510
639 330
730 683
617 599
283 385
541 604
545 512
320 149
dao-map/brc999d.map
5222 7143
9151 1177
9769 476
11667 4315
4638 5624
7595 10
1048 9823
4183 174
9458 11097
4127 2431
11408 11571
8153 1862
6958 14
9618 3224
3068 11072
5071 10209
6281 7699
9327 6353
11593 2644
2209 3281
8214 7466
2160 2669
696 8353
7506 349
12556 1790
5459 9279
3101 11614
5728 8350
7616 6299
6628 6928
3977 12174
528 2218
12422 5139
1406 4365
4898 8271
9764 12747
10966 6867
12794 473
11984 6208
2989 5886
dao-map/oth001d.map
6678 4387
6958 4458
6384 4250
5886 5769
3647 7679
11297 8212
1488 693
4146 7666
5243 5441
5058 4164
5282 5712
5237 6135
2515 2962
1281 2896
7680 6457
4729 8201
5291 6718
8191 10958
6636 3390
14202 13562
5527 3254
10053 10151
8250 11351
6053 5468
4462 6944
8256 9977
10398 13198
13547 13321
7051 6917
5578 6977
12549 10056
12658 12706
8358 9887
7882 9982
9778 12579
11608 11757
2623 2611
9617 10729
2609 2492
3225 6375
dao-map/lak507d.map
154 1544
535 1863
1612 3749
134 1452
3858 4344
3411 2529
3569 1010
2819 378
4092 2083
3840 3972
1528 10
928 979
3238 2893
855 866
2150 146
121 2497
614 2333
2331 2771
422 3065
1925 3901
1152 2174
1630 2610
2642 1790
4047 3733
2319 354
1762 3245
1960 3188
3936 848
1237 3308
4025 3684
2753 2036
3594 4142
2496 2318
919 3972
1785 1983
353 1129
2114 625
1226 2348
2109 4104
3933 464
dao-map/lak203d.map
2442 1574
3271 1320
1925 2898
620 736
2495 1877
2456 1537
1653 3294
1943 1349
1460 1934
1827 2173
912 219
2551 1314
3193 2820
2765 2240
95 662
1687 1850
2097 1305
2096 1989
3025 1987
771 804
1999 1550
1678 1148
1848 2477
1690 1338
1924 1920
3230 2380
2325 1223
351 353
714 558
2852 2601
1394 1314
2318 1839
3291 2013
1482 3171
1700 1792
1714 1645
2758 1495
1603 2855
2582 2613
1501 1795
dao-map/brc000d.map
12617 27039
23386 14143
17879 12938
22133 3410
1559 26902
15590 25769
24293 2602
9338 26564
24608 16405
17581 14340
22545 22179
16735 7905
6211 11794
19909 11265
10410 3556
17596 10363
15743 25092
21724 13459
27839 6985
1853 7021
16637 19870
6950 3139
12878 22635
20626 20100
26057 23512
5227 3436
4826 7743
18531 9235
14702 10971
3887 12180
7005 12124
25412 5680
4030 2106
24510 5660
2446 17345
27293 27819
4766 18465
10306 10552
3466 20284
26547 16734
dao-map/oth000d.map
312 9080
2110 12935
8951 15504
263 9773
3410 16306
12031 9595
7255 4844
12255 17353
7074 16406
6934 5773
6290 16313
12771 12507
14078 15474
11958 13260
6155 5601
6311 9685
8850 13545
9895 4685
14001 8105
7014 11270
4823 14480
12525 17141
6678 565
11314 953
9708 16035
7612 10150
17116 13833
14053 14680
8849 7381
14552 15092
12427 13198
3808 16297
2924 4806
7573 4988
9639 1861
11306 12439
3005 13731
879 15463
13293 11045
2441 12677
dao-map/lgt601d.map
24900 24801
17907 23625
14664 25443
21897 19634
24328 6046
24294 7557
15077 26261
25083 21244
6805 16774
4018 5301
10271 9140
2546 13201
13579 11455
18729 19103
18652 24520
14098 14042
8117 18668
2547 25041
3394 25735
16733 16438
17070 779
23986 24877
23418 15008
14387 20700
12991 1799
13571 22678
25030 16845
16499 17643
17751 15643
22760 368
6125 25632
19546 2009
27096 245
3395 27412
3171 16428
8591 21498
27286 26558
15314 11321
20992 19887
26466 24141
dao-map/orz304d.map
1435 101
3077 5119
1559 1385
4893 2959
255 5313
5161 3586
2475 2942
635 2298
5274 964
3625 2674
5315 3807
1462 4522
3243 3840
1957 5058
1076 1083
434 3467
1375 2994
344 5228
5175 4838
2488 2609
4194 2538
2316 3356
4308 3816
2308 1058
5087 3618
3103 2901
4100 4255
2937 4937
1855 1356
322 351
1918 2154
5014 2605
1278 3308
3194 4000
3967 4868
3711 3961
2240 2890
2849 742
3243 1740
4493 1256
dao-map/den101d.map
1255 254
990 961
970 88
415 843
410 909
1033 225
104 354
54 271
1102 926
1060 614
1143 482
595 913
150 84
647 341
975 1015
681 1072
1266 992
1085 736
1226 176
559 1317
198 935
513 824
1187 1312
1029 1337
350 362
1040 360
10 702
136 298
366 875
786 97
1130 141
17 303
1236 550
1008 890
921 551
175 1025
126 1197
1055 63
719 433
926 572
dao-map/lak100n.map
785 14298
20101 15300
7628 8743
30500 13309
16238 4112
26817 31343
23195 29688
19678 14428
31616 6900
7173 1344
26332 27905
2887 5841
11046 459
21849 27845
9949 4444
22355 29673
16949 19329
23505 31411
28513 29903
23418 14374
11673 33414
31345 1058
7556 7512
2713 19868
32593 27526
8578 19944
22928 10196
33933 32707
4255 9185
32115 16394
24477 10085
15405 7139
13476 16459
22037 19429
14718 2944
24095 9595
6286 24019
9856 31182
23330 3781
13911 9103
dao-map/arena.map
1441 205
1433 1872
2021 1453
276 1825
1202 555
1373 1405
255 1825
2008 894
406 1928
1537 1956
265 1150
385 364
1416 528
959 73
1647 1503
939 342
468 349
1965 270
1420 514
623 704
1018 302
153 284
1972 1697
1358 1397
1135 1561
469 774
428 102
1336 1458
1112 1991
1060 1544
1170 1952
1930 437
1862 618
2009 1551
1206 1818
1150 1014
1555 595
351 919
993 1895
1636 689
dao-map/lgt600d.map
18373 6124
12881 1494
1446 11349
10886 10736
15609 10127
10961 6186
13659 3617
3422 6636
10511 18030
9588 15380
14970 6499
15141 2660
4644 14480
17785 2688
9891 15617
1137 14564
4170 11887
8371 15209
18886 17577
18431 4585
12456 6491
4291 13387
13393 13054
3835 8184
8035 14974
7670 3343
8522 9914
3240 15775
8180 1859
121 18227
3551 590
17980 15302
1224 1172
61 17071
14655 16913
9195 5865
15728 18087
11733 14389
5328 14517
16428 11821
dao-map/orz601d.map
1346 1058
1508 1401
1018 1401
459 733
1340 937
494 1373
1188 941
593 1108
467 945
1266 1423
1020 111
1285 837
1348 605
1751 934
1807 1632
1846 479
1076 1376
1013 494
1427 1591
297 860
524 47
1444 1319
709 1866
1057 988
1794 1377
1163 413
1551 1375
1415 700
1610 1160
1878 1072
277 319
1123 1244
155 91
1550 383
582 576
355 1620
1793 1625
659 1850
48 254
620 491
dao-map/orz703d.map
59842 4654
50191 14810
22665 17040
14906 57925
48776 58194
71335 52711
45929 16277
22590 10399
29619 36572
2237 3064
35096 29989
8256 7782
5728 50872
56185 31623
32381 34222
45900 63876
71322 50797
20871 55478
29334 47080
22909 34610
7936 54543
31896 8329
65165 31030
6645 44298
50740 52647
59912 10142
74673 50975
6690 45023
72316 15695
74418 61187
66281 25010
64076 10987
26169 7596
26511 23784
10571 45036
73967 23870
22691 61973
26138 44971
2673 19435
74551 13016
dao-map/den901d.map
3994 5820
6508 2368
2689 6052
7829 5484
3387 6797
5173 902
6204 2603
1758 4391
140 2905
6992 5500
7038 5794
2477 7150
3027 1257
7752 5297
7642 306
179 4009
3718 6305
5292 195
6701 2431
7445 2311
4490 7736
420 1993
4777 5817
6881 4511
968 7416
4465 7302
2312 7905
5012 4278
1695 3823
5352 6633
4508 5990
4309 5112
3104 3382
4982 6665
2388 3854
4534 1808
2768 2550
6105 930
3765 5103
1673 2704
dao-map/lak511d.map
8823 4936
2102 616
14223 13229
12627 17553
6611 9636
4739 9194
15210 26180
4813 5515
9186 10981
95 11057
15626 20592
17776 12665
26666 23042
13071 17059
25751 17356
12185 11835
21817 24682
28338 26138
17565 25347
17593 22734
13990 22287
18460 26862
22788 18375
6618 6701
16568 23509
18375 27804
602 3049
26120 18426
5402 7020
23675 23849
7126 10899
11097 11533
15967 18595
14975 12923
23570 22678
23138 25736
28155 21227
7917 4877
1624 11699
28303 28172
dao-map/den001d.map
5363 7223
8586 6782
3803 66
1317 4837
8648 1193
6123 3520
6919 1108
2002 558
6396 5924
3991 4100
6998 8539
5845 8570
1553 4728
8303 6821
6044 1246
3162 4664
6261 1327
4019 1990
3387 1459
1818 3905
2643 6778
4821 7520
2922 5644
6797 5183
900 3119
3602 8183
2510 4448
2160 8112
5003 7647
312 2392
7280 2916
6347 4215
1062 5232
7229 5319
7196 3234
2850 7969
3894 1855
8340 4433
8629 8526
7130 4858
dao-map/lak513d.map
14920 13473
32917 34098
35115 38074
20746 15255
33733 30309
19754 12907
33277 36319
14192 16412
5678 810
40740 30219
212 14667
6711 12214
13793 22865
28051 25959
17019 22865
9624 7574
21494 10778
29303 29656
5546 15377
13426 9341
13696 2228
36231 37410
19167 9035
12397 22274
12458 9018
31093 26891
18896 7811
33631 39693
18679 22098
19237 9251
19047 20267
19678 11184
6195 21683
40190 38654
10815 12672
12926 16172
10060 22391
792 12156
8385 16287
39814 38410
dao-map/isound1.map
1007 2700
719 543
1857 221
742 241
1638 48
649 895
2515 1267
2716 534
2790 2243
906 41
1779 2035
1435 260
2601 966
414 797
1768 941
1562 2678
1103 2731
864 2330
2931 1684
2342 1204
2254 407
1458 2888
1231 1666
1240 1139
2514 1070
1473 846
760 1557
1692 2687
207 62
1900 734
2882 582
2554 2956
1565 2349
2360 1518
2287 156
1353 2555
861 2550
2009 2279
2007 1908
1578 2809
dao-map/den500d.map
24860 23293
1797 26127
22856 4773
13182 19316
22819 8992
13653 23261
22703 12299
27861 9658
27661 11422
22674 4540
2918 3091
22232 13715
26418 8268
22795 3436
27186 27361
21508 20179
18061 21090
7106 14177
24472 11142
22867 8054
4150 21721
4604 25923
27248 29490
4337 4409
5661 4091
29522 24407
8007 4701
16045 4610
13935 21659
5929 28759
15952 5065
2949 6997
26411 21820
17830 20022
4825 3347
20786 18674
25148 15762
24127 3640
6424 20236
26268 10264
dao-map/lak505d.map
6967 8447
18206 18603
12928 4726
6712 5243
11446 16198
5821 10450
19695 755
8599 17545
718 17222
16270 12581
9944 15753
18623 11020
5381 7063
8441 17203
14382 9179
3503 5521
4540 15185
1792 8724
6090 19157
19256 15147
13113 2605
16776 14428
1342 14662
14195 18699
17400 11158
19890 13001
19844 10768
16889 2124
8998 5771
10969 9772
917 16723
5675 8280
1236 18595
13614 1924
14547 18601
11556 5709
10127 15361
12673 4345
980 12182
4660 18079
dao-map/lak250d.map
1046 2152
1016 733
1971 578
4224 4832
4230 4117
2042 688
2468 1317
4205 4914
2391 1185
5925 3043
5846 4018
1173 2022
6730 6765
3184 3708
1357 2674
6385 5885
333 168
4516 4295
5212 6094
49 2308
5373 5783
4523 5364
63 1615
4633 6081
6165 5807
908 1128
6091 6354
2409 979
91 1163
1318 1164
2062 1055
3066 2958
1878 1389
252 829
3258 2974
4743 4228
520 2190
1273 707
6742 5721
1034 1137
dao-map/combat2.map
18819 11916
5708 26481
24614 11226
7045 15021
15239 16333
22753 15102
3114 21189
23708 2755
8662 14387
23417 8069
13773 9755
10288 12178
12636 18745
20814 21888
18511 31004
30446 27664
5915 18718
5658 23819
7059 22342
23808 7312
9540 20443
5871 17257
32100 19916
8464 25282
10617 26644
22417 25613
18858 21635
28498 3918
10663 26926
29996 21387
8428 30404
12217 8975
32787 5063
3668 26835
32689 22536
992 21554
10301 21065
332 3165
13983 15231
24109 26415
dao-map/den200d.map
10567 10572
5731 2967
4417 3385
8197 11660
431 10916
1641 10129
11863 12383
3635 361
1973 13950
6164 7382
8689 13026
2112 14256
3813 4529
6197 4698
15670 13343
539 4647
4380 10367
13184 2560
1262 843
4595 6768
1273 11681
3310 13195
10379 3899
2499 3845
12688 14545
13335 11439
14950 1548
8138 7192
12758 13385
3142 7933
3898 3355
2147 7939
8324 9695
14987 13325
7431 1593
11401 2399
1239 3271
11378 10300
5222 3729
9774 1914
dao-map/den998d.map
1161 877
1414 504
1195 909
1414 1564
818 247
1417 1199
805 1291
1334 880
140 1377
1727 1724
386 387
300 523
492 1316
551 211
924 1014
1480 651
729 673
890 72
975 723
69 1096
1463 390
1679 686
1147 302
880 234
1599 76
96 305
1465 663
1202 1428
737 523
396 328
1424 1367
1632 438
1373 571
1539 148
1028 93
1445 87
1788 1435
1603 1356
947 130
1715 1553
dao-map/lak102d.map
496 156
246 432
66 405
492 292
265 508
362 400
313 443
488 457
492 136
43 349
357 214
349 177
88 63
95 89
89 460
149 167
242 116
200 332
206 210
497 403
442 1
191 1
367 100
119 282
283 18
12 88
10 461
80 37
20 279
217 432
75 110
12 249
62 401
26 225
411 52
178 106
427 71
344 344
344 460
369 293
dao-map/den602d.map
30627 15161
14272 8142
1799 21558
1372 4765
16852 8806
27811 19494
28406 26204
9722 31872
1003 15827
14812 24342
3798 22814
10332 20224
19425 17353
20099 28071
9586 8055
29801 18033
5881 28881
7372 11537
20605 2376
15850 22571
26975 7495
31012 33538
23931 33409
26005 32106
32940 6201
6174 27393
12473 6039
9627 20510
30834 17369
27332 20866
8226 10541
8186 192
8775 16436
7872 12660
20344 26624
6701 16596
11296 31001
17501 30036
20218 26185
9809 23016
dao-map/orz900d.map
16733 31259
86194 3067
18448 32047
55252 73568
67971 50792
93775 86310
41831 32625
85330 14865
96131 33136
94989 15862
87485 15451
10564 40148
6813 13558
53698 48345
24093 39523
27708 54823
69306 43373
76255 12560
21206 78336
23576 13324
61454 53238
1957 53233
72598 59378
45778 64282
28414 18137
76666 72277
44995 1157
78880 25066
24529 56069
66367 73800
22420 45386
60415 51304
41196 45663
36219 50422
54236 83215
40693 75956
96264 39701
22775 12528
60733 223
22451 5110
dao-map/lak503d.map
4433 14279
11677 2001
12042 8852
2099 2120
3736 7596
14124 15462
2487 12365
3577 16323
12158 8247
6693 13093
15669 13980
8210 1664
3230 6393
6709 604
5977 6711
13408 9023
11425 11273
11042 16319
3530 11895
14440 15456
7380 3909
1957 15541
14762 4862
13914 505
4880 5889
10810 17580
487 9535
7415 10551
11720 17938
16848 11852
12108 6580
2101 13127
8087 11827
3446 14935
1210 2000
13589 3365
11991 13001
11853 16098
16017 2144
11671 1214
dao-map/ost101d.map
768 3330
2346 1482
506 544
2861 2781
1274 766
1865 2714
2816 2912
1593 1212
758 1646
3357 2576
3360 1530
191 254
398 2829
2134 524
2175 1060
2969 2557
1304 166
438 1910
1079 1827
1435 2968
332 3083
1381 817
158 1220
1320 1621
3206 2166
2019 568
3013 2704
81 1049
923 2628
500 2300
591 1214
2857 973
738 1656
1484 3214
2704 3035
987 2108
2032 3342
2601 1796
2317 1089
3285 1031
dao-map/den012d.map
16444 4998
3796 15757
4439 13564
1196 18393
9356 3718
2959 4382
488 2392
10989 11565
12596 7767
3781 11665
12619 11059
267 13667
19675 11038
12541 9378
18809 3482
12753 4599
9757 18680
14163 19554
7264 19671
6528 11618
14209 12772
4974 18285
15603 14436
21881 2084
3406 20104
22345 221
18430 7449
2461 20645
2425 6587
11361 16421
15088 1359
20596 9519
17287 12702
13397 5517
17358 7394
14293 10067
13248 6990
9542 6640
20975 8076
7771 16689
dao-map/brc203d.map
2211 14128
8044 9926
15427 9359
14277 13739
3557 514
9015 14392
17637 7490
4127 13534
8388 17067
14809 13823
6866 6542
4131 17977
11191 19253
12638 2464
1141 14300
7886 19984
6509 13086
19919 5077
3547 16951
12868 17467
6308 15583
4758 11461
17650 11495
8292 3705
2078 1111
4929 20471
9742 1494
20142 11990
15158 8250
20085 15038
20290 15599
8857 11904
2160 15382
9206 19807
13415 2519
8175 2658
15383 8689
11727 6155
12745 12518
5431 8167
dao-map/ost100d.map
10323 41533
41239 112433
69012 87482
9981 58670
69852 16237
59687 73271
69276 56404
117878 67317
49667 130944
46603 19993
4720 126548
118503 58744
66695 18687
96528 72911
58000 83566
65517 78022
56296 23346
58787 125977
15507 58124
69796 34614
14710 112434
12314 69896
121326 24831
45470 6139
115397 40102
81762 88417
49506 100870
58353 6472
52963 103156
54031 121964
27651 12828
24058 63952
73937 120128
20825 107492
136021 74176
110018 61742
73381 55137
85763 8367
135975 100226
23201 6357
dao-map/lak104d.map
83 329
593 29
161 677
187 134
297 581
171 213
63 128
448 754
645 682
302 247
733 398
601 175
575 275
311 638
598 379
314 75
533 107
168 702
588 677
362 139
218 762
242 594
207 155
68 568
465 345
349 94
334 845
850 600
746 581
136 418
512 206
614 397
772 750
559 712
192 364
849 102
626 526
389 474
828 554
170 785
dao-map/orz106d.map
44 173
286 315
292 32
112 44
29 224
259 49
88 209
249 209
225 30
69 137
319 188
139 96
125 305
77 253
278 205
189 268
91 192
138 61
127 240
113 257
248 25
216 114
19 48
150 170
277 298
306 270
305 40
157 142
193 238
72 307
174 161
293 251
161 198
178 23
233 174
291 153
113 49
178 72
192 261
150 332
dao-map/brc202d.map
39341 7158
13420 3238
18293 21188
5505 28576
37937 30862
34094 3888
33992 16789
13951 33714
28611 38766
3239 14809
20670 17702
5648 42129
25848 6251
11309 25733
27361 28297
21284 15808
3814 14266
40914 39249
10480 24804
3632 38141
15479 30984
4485 29989
24071 36056
19783 24965
25612 769
3429 22246
28283 41358
31591 2119
41332 29555
42891 22852
16927 6460
41855 35706
27966 13265
8753 13021
26466 5593
38084 29868
1700 4076
29271 14492
23497 41116
30331 33414
dao-map/lak400d.map
17432 28289
32616 10110
39227 8995
11036 32396
18289 6848
11100 8364
5207 30342
7722 35596
20860 34598
24736 12179
6184 25031
15844 34944
14944 30358
1123 34424
1381 18707
4470 36690
17365 22165
35090 6407
30279 21037
34019 17195
23263 13332
1701 16620
16357 21637
21202 12978
6039 33956
5550 25543
26958 247
36621 17017
3001 15450
12424 9929
1901 30361
28790 32962
35310 3840
31112 6063
4572 20249
3703 30655
17340 34176
30948 2641
7848 11894
26970 32089
dao-map/rmtst03.map
3917 2770
2401 3673
3075 1515
1663 2662
3735 2418
554 2987
3874 3503
745 1192
1491 816
4870 5017
1873 2711
936 1322
707 3318
4515 1810
1870 2793
4091 3150
4011 3455
3022 55
3101 2370
5102 2422
5357 3277
2291 1762
4656 2281
2 2931
1499 2812
4313 671
5282 2186
2177 1681
3525 1674
5493 3390
3225 976
1394 4396
457 3404
2915 5388
21 2736
1325 2766
603 3944
2484 4395
2764 3494
2301 1665
dao-map/ost001d.map
1652 5260
3098 3028
1391 4160
4878 7535
1876 5003
3691 9892
8450 1579
5078 7447
10081 4261
156 2893
8815 6998
2523 7631
3305 9479
6996 7997
3022 4500
8048 9078
8960 3652
7977 2042
529 2203
3077 5829
9406 9659
9289 659
8426 10173
4653 10336
9984 2317
5171 6161
317 3743
5081 6916
8917 2781
4860 5011
7033 6478
7722 2182
7708 4460
7836 7558
9988 7144
2900 1994
4497 6389
4477 3036
8296 4559
192 7522
dao-map/rmtst01.map
5007 475
1239 4559
3351 5611
3602 1669
3166 5039
3299 1490
3454 4905
3251 768
2356 1879
5371 4220
3103 3990
4361 5561
5289 1341
509 2530
2006 2854
3160 3344
2105 1233
1530 2930
1273 2136
4916 1117
2035 4861
4356 101
4977 1281
5373 332
3581 1479
214 4514
1728 473
2667 2964
3875 3770
750 948
3461 1380
954 1692
3562 3924
415 3607
2242 3559
5457 3487
3623 2815
3617 2114
4176 2520
5538 5342
dao-map/brc997d.map
17576 4073
1588 16403
333 11527
4832 9259
19775 9764
19685 42
657 527
19422 8311
14224 17533
8824 19541
508 13794
5125 10199
21675 4387
1817 9047
18495 6835
21338 19397
16895 12589
8607 20939
16896 22696
14598 4287
21372 18929
12659 7196
18319 6391
20441 6193
5931 18772
5788 21040
19318 8683
7614 15035
16954 12086
10370 17697
3349 9939
703 4278
15204 22300
5818 17950
12641 8485
8119 12938
1860 7501
18169 11189
9339 1744
17463 1182
dao-map/orz201d.map
360 554
652 671
145 585
241 605
598 481
652 181
115 100
243 289
595 83
131 634
536 527
688 307
174 111
344 269
126 392
254 239
665 413
95 680
688 442
73 149
676 637
510 165
298 522
23 636
219 377
722 11
24 539
232 8
113 166
224 361
210 691
490 708
516 379
331 680
3 346
94 240
525 570
598 690
290 124
195 565
dao-map/lak106d.map
1660 631
1590 14
1212 703
881 85
953 1783
1896 148
1050 1472
1846 1745
625 981
896 789
947 863
1791 559
190 1185
27 865
1023 903
1808 1713
1794 414
1055 546
106 663
1904 1778
1305 646
1085 1320
532 652
1327 1202
1201 1163
1288 1238
107 976
231 1352
542 918
1850 508
454 584
1450 89
1078 1132
932 195
901 974
172 1033
642 1561
1239 696
676 608
445 835
dao-map/den403d.map
1724 168
1586 1044
99 340
223 574
887 129
1766 1437
593 109
440 1063
269 1622
1204 1926
960 1869
1025 1247
727 1516
514 1246
671 1221
308 327
1091 1280
1430 447
1345 1886
941 503
1951 1525
730 1299
136 550
1987 1074
396 946
2017 1021
933 0
1002 2030
328 1944
2015 540
197 1162
1550 1238
1769 1506
281 1560
900 403
1743 1872
408 940
1627 358
1620 506
1269 1727
dao-map/den501d.map
19896 14430
6065 3652
6647 10873
10862 20793
12864 15444
13801 3274
12365 1240
17637 2742
15352 26379
16079 10495
23770 14389
4608 8885
13698 9651
22431 22680
23777 7232
23476 14856
14156 23553
10322 20585
18454 13322
26281 23880
2273 6466
20823 4883
18916 18917
14041 102
2724 24383
2333 4277
19080 14733
5369 18944
13235 14187
19065 3945
8576 2073
23441 18845
10776 7281
11164 16661
10358 18542
8555 8674
19602 22312
6974 891
18282 4233
15487 13368
dao-map/orz100d.map
50894 64522
15582 47665
63284 58963
23290 12796
60673 25156
82007 51252
55064 87753
12846 17616
30407 31023
90328 63185
30341 9868
78863 21725
21861 61926
78549 36998
90265 84873
21461 26542
36373 69648
77819 94055
85352 31394
91620 69070
34964 2334
81277 75521
57915 67832
22213 14251
41869 94452
52966 4508
61604 31527
99150 45828
58937 25664
66163 31334
23141 6998
10028 16037
78286 21271
291 9968
6718 28630
40784 51919
88511 56564
74382 10853
81462 77862
89714 93218
dao-map/orz105d.map
557 106
72 81
63 264
576 586
148 325
114 124
303 143
207 666
565 628
344 221
378 254
173 24
600 178
118 602
422 474
437 11
246 630
609 550
266 562
511 479
407 568
601 559
586 111
330 24
417 115
309 447
220 136
96 376
180 360
323 361
298 475
148 667
551 514
376 507
99 423
388 188
131 55
386 187
335 558
477 97
dao-map/den020d.map
529 666
1721 221
185 2345
2890 348
2068 1632
406 2600
2953 1111
1035 2821
311 893
2977 1606
1733 373
479 1391
1222 2313
570 2609
2220 102
317 791
900 1953
1716 230
1408 1111
811 1699
476 915
344 3020
1185 291
1343 1134
2946 1103
1758 1917
2580 3000
3028 1501
1574 2270
1511 318
2163 2393
874 2798
1885 2607
884 1688
1528 1255
2729 1219
1862 1491
3081 2395
2877 2957
18 186
dao-map/den505d.map
8668 22317
5151 29968
9157 24059
7644 10426
11907 7502
20630 27237
1252 17666
19388 8138
24744 20626
12776 28301
27123 25689
11153 1386
19681 22370
3759 24119
6546 10032
12284 14304
5202 9842
5552 9580
20281 15547
30173 9270
9273 307
4063 27297
19652 3712
27361 4216
18465 12272
19073 18372
23901 23355
25999 11418
18952 19257
26585 18692
9472 16064
5857 27818
18811 28064
3299 4533
7761 30184
19369 13853
26112 19879
27241 3713
10126 9162
12635 25610
dao-map/lak108d.map
6 53
223 49
266 152
102 272
92 278
7 24
227 220
145 276
237 218
271 200
221 230
163 17
119 86
278 149
37 47
228 81
145 57
248 227
157 98
204 37
148 38
65 152
55 124
129 70
200 9
181 11
55 171
196 227
148 113
64 132
0 187
178 215
199 27
270 25
71 162
77 157
89 265
212 212
275 9
146 43
dao-map/lak105d.map
22 243
268 144
76 96
425 335
393 186
104 220
357 316
363 137
360 155
4 411
86 197
247 196
247 32
278 437
102 359
294 195
5 66
294 216
267 114
410 434
115 285
18 189
257 408
63 434
263 93
332 233
17 152
132 305
361 32
440 388
24 375
252 394
72 204
259 56
404 189
94 349
349 52
305 178
301 348
292 158
dao-map/den204d.map
2425 1023
2264 1040
2483 943
962 277
2772 928
1766 2852
298 1369
2813 1444
1260 688
2073 1164
424 316
2507 2052
1876 69
1668 1975
1141 2818
2031 1631
802 1133
1885 1768
293 745
1985 2663
1209 2020
148 2064
1320 2192
422 2662
2538 922
852 1036
2707 2771
1489 1139
938 263
342 2500
2558 478
2454 22
866 2571
2837 136
2496 2431
2773 2514
256 396
646 1491
2641 2635
1236 1995
dao-map/den600d.map
5461 13850
9649 8446
12203 11172
9809 6735
5334 8926
6740 2118
3510 9077
10324 7196
7235 5204
8919 2339
3660 7309
10331 2675
13403 12513
4795 11276
9406 2143
9967 5957
1487 10403
1384 467
2092 11604
2208 7939
10997 11525
11516 11464
11939 8157
5007 3013
5346 9746
9706 10632
1375 8400
10138 13789
4024 13726
11042 11330
11875 304
10493 7611
2520 9927
2550 8903
9293 11611
6904 2285
3206 13111
11247 10220
3219 5837
5713 11219
dao-map/orz704d.map
106 2047
1170 724
434 692
1634 1973
576 781
1926 1843
699 2037
1335 1360
539 676
728 1287
1144 1689
539 16
780 1428
820 1455
14 62
1577 793
1389 788
1388 1189
788 965
726 377
316 124
259 1180
998 1716
2079 787
1912 1716
1359 1079
367 1416
1142 563
701 950
1008 1300
1762 1569
733 429
1091 1503
476 865
1251 2018
1610 762
400 46
1316 710
780 916
1380 1386
dao-map/brc204d.map
12771 5649
9746 9891
12718 14807
15428 3679
14820 18746
15323 7881
3970 6688
12557 2268
19356 20013
18944 15335
21205 22335
15916 5297
16244 19850
12876 19772
12671 3885
14749 19163
9794 14562
5130 21335
14398 12752
4821 12992
5882 1414
3975 17524
14164 2129
4429 8029
4964 23607
3534 22077
7525 3175
22470 580
21715 17924
3047 15066
17042 16878
9948 7778
17531 13997
5814 18898
21702 22528
14378 7292
11866 21357
10053 7006
9993 20941
3438 18601
dao-map/orz203d.map
102 147
187 161
26 237
144 175
103 131
29 8
31 88
111 197
2 216
2 75
209 26
212 50
8 209
175 97
36 5
24 9
119 231
135 68
197 147
129 91
65 191
192 170
90 98
65 19
167 42
194 60
5 126
223 116
95 87
83 184
190 100
185 28
74 143
50 144
67 205
120 167
168 56
80 27
58 200
8 99
dao-map/lak303d.map
12941 3159
9286 1032
11834 11929
13040 2731
5022 2966
2811 13361
2811 9119
6126 2110
11554 13857
2584 3709
4502 13884
8798 2188
7714 12429
12418 8352
3749 12315
7179 2566
10982 911
223 13803
5194 638
1576 13212
4928 86
11115 6290
12517 1577
12788 4461
10 7059
3389 13000
11124 12922
6152 10005
2463 9636
10136 3865
4409 2820
12479 14528
4766 6207
11551 10774
11887 10769
8245 11700
10081 1981
6933 1410
9341 13655
2370 998
dao-map/lak401d.map
43439 21345
9414 41668
1280 43128
30937 29224
23901 41330
9932 37482
1302 39581
16032 42361
35907 27505
41170 39642
15949 31241
2359 39381
35595 6677
26234 35217
23228 33030
23597 25199
10746 22064
6858 42324
27791 7415
14812 14294
3975 32994
41369 1964
40451 24900
17448 7712
31845 37062
19947 21294
32957 32733
4684 420
39938 34310
18085 1891
6749 2095
35816 28575
32935 28517
5958 18750
38674 23000
18390 28823
5017 172
42667 17203
5477 30137
30222 38895
dao-map/den400d.map
4163 20046
27109 6598
14481 2739
1396 7237
3498 56
22675 23001
26796 8209
8693 2833
4532 21343
2534 29380
22913 4586
17563 24661
4529 3620
26696 4071
22859 22276
7581 29342
15831 21259
14462 1322
2759 27855
17455 3165
28036 17236
24872 10303
15235 22670
26749 9333
15994 4317
7944 16464
2886 17891
24005 12151
13077 7885
25026 19262
14566 3117
19905 17947
11833 3920
27183 22874
19163 27408
24922 18202
29448 22775
8377 30059
587 17852
5946 27709
dao-map/ost004d.map
896 3766
1894 1968
629 520
3848 2387
1075 1470
3334 2583
539 1039
2440 1111
3790 1853
2674 1094
2575 1589
4368 1826
3783 552
1077 3975
2340 3793
2962 2932
1919 919
766 3707
785 3887
2886 2894
2641 744
1054 2057
915 795
2316 1308
1387 1634
709 3971
1299 4097
2144 102
2296 3773
758 4114
955 4190
1098 4038
1823 4356
3880 1718
418 2560
84 2135
2371 3609
1599 1520
1169 3152
2128 2749
