30 99
31 99
32 98
31 98
30 98
29 97
28 97
27 97
28 96
27 96
28 95
27 95
26 95
25 94
26 94
25 93
26 93
27 92
26 92
27 91
28 91
29 90
30 90
30 89
29 89
28 89
27 89
28 88
29 88
30 88
29 87
30 87
30 86
29 86
29 85
28 85
28 84
27 84
26 83
27 83
28 83
29 82
28 82
27 82
26 81
25 81
24 81
23 80
24 80
23 79
24 79
25 78
24 78
23 78
22 78
22 77
23 77
22 76
23 76
24 76
23 75
24 75
25 75
24 74
25 74
26 74
27 74
26 73
27 73
26 72
27 72
27 71
28 72
28 71
29 71
28 70
29 70
30 70
31 70
32 70
32 69
33 69
34 69
33 68
32 68
32 67
33 67
34 67
35 66
34 66
33 66
33 65
34 65
35 64
34 64
34 63
35 63
35 62
36 62
37 61
36 61
36 60
37 60
38 60
39 60
40 59
41 59
40 58
39 58
38 58
38 57
37 57
37 56
37 55
38 56
39 56
38 55
39 55
38 54
39 54
39 53
40 54
40 53
40 52
41 53
42 53
41 52
42 52
41 51
42 51
43 51
42 50
43 50
44 50
43 49
44 49
45 49
44 48
45 48
46 63
45 47
46 47
46 46
46 45
47 64
47 45
48 44
48 65
49 44
49 65
50 44
50 64
51 63
51 44
51 43
52 44
53 65
53 44
52 43
53 43
54 44
55 44
54 43
55 43
56 42
56 41
